Commanded Joint 0 Position,Commanded Joint 1 Position,Commanded Joint 2 Position,Commanded Joint 3 Position,Commanded Joint 4 Position,Commanded Joint 5 Position,Commanded Joint 6 Position,Commanded Joint 0 Velocity,Commanded Joint 1 Velocity,Commanded Joint 2 Velocity,Commanded Joint 3 Velocity,Commanded Joint 4 Velocity,Commanded Joint 5 Velocity,Commanded Joint 6 Velocity,Commanded Joint 0 Acceleration,Commanded Joint 1 Acceleration,Commanded Joint 2 Acceleration,Commanded Joint 3 Acceleration,Commanded Joint 4 Acceleration,Commanded Joint 5 Acceleration,Commanded Joint 6 Acceleration,Commanded Joint 0 Torque,Commanded Joint 1 Torque,Commanded Joint 2 Torque,Commanded Joint 3 Torque,Commanded Joint 4 Torque,Commanded Joint 5 Torque,Commanded Joint 6 Torque,Actual Joint 0 Position,Actual Joint 1 Position,Actual Joint 2 Position,Actual Joint 3 Position,Actual Joint 4 Position,Actual Joint 5 Position,Actual Joint 6 Position,Actual Joint 0 Velocity,Actual Joint 1 Velocity,Actual Joint 2 Velocity,Actual Joint 3 Velocity,Actual Joint 4 Velocity,Actual Joint 5 Velocity,Actual Joint 6 Velocity,Actual Joint 0 Acceleration,Actual Joint 1 Acceleration,Actual Joint 2 Acceleration,Actual Joint 3 Acceleration,Actual Joint 4 Acceleration,Actual Joint 5 Acceleration,Actual Joint 6 Acceleration,Actual Joint 0 Torque,Actual Joint 1 Torque,Actual Joint 2 Torque,Actual Joint 3 Torque,Actual Joint 4 Torque,Actual Joint 5 Torque,Actual Joint 6 Torque,
-0.0151046,0.00717724,0.00797378,-1.72716,-0.0128527,0.209121,0.0155725,0.000400473,0.021778,0.000356168,-0.0325724,-0.00378048,0.0519867,-0.000361654,0.250295,13.6112,0.222605,-20.3577,-2.3628,32.4917,-0.226034,0.059467,24.7152,0.050315,-24.3305,-0.538237,1.86321,-0.0243188,-0.0151215,0.00608706,0.00799703,-1.72395,-0.0126894,0.203597,0.0156145,0.000915132,6.16934e-05,0.000298536,-0.00021199,-0.0069292,6.01946e-05,-0.00103902,0,0,0,0,0,0,0,0.0313145,-35.645,-0.213304,27.0779,0.9967,2.98638,0.0303194,
-0.0151179,0.00609134,0.00800024,-1.72396,-0.0127494,0.2036,0.0156134,0.000326807,0.0174623,0.000289303,-0.0260667,-0.00328518,0.0416243,-0.000292673,-0.0460409,-2.69729,-0.0417901,4.06604,0.309565,-6.47647,0.0431135,0.0536492,25.1581,0.039806,-24.2467,-0.538638,1.61308,-0.0228059,-0.0151214,0.00616659,0.00799821,-1.72399,-0.012686,0.203596,0.0156159,0.000514593,0.00171621,0.000906758,-0.00595998,-0.00567049,0.000584606,-0.000136962,-0.0500673,0.206815,0.0760277,-0.718498,0.157339,0.0655514,0.112757,0.0313145,-35.518,-0.260912,27.0026,1.0086,2.9937,0.017502,
-0.015118,0.00609297,0.00800009,-1.72396,-0.0127555,0.203601,0.0156133,0.000259386,0.0140106,0.000227657,-0.0208593,-0.00278014,0.033341,-0.000236079,-0.0421387,-2.1573,-0.0385291,3.25465,0.315645,-5.17708,0.0353706,0.0463782,25.7296,0.0280228,-24.1387,-0.53823,1.26577,-0.020838,-0.0151214,0.00616659,0.00799821,-1.72399,-0.012686,0.203596,0.0156159,0.000514593,0.00171621,0.000906758,-0.00595998,-0.00567049,0.000584606,-0.000136962,0,0,0,0,0,0,0,0.0313145,-35.518,-0.260912,27.0026,1.0086,2.9937,0.017502,
-0.0151182,0.0060946,0.0079998,-1.72396,-0.0127591,0.203603,0.0156133,0.0002018,0.0112492,0.000174864,-0.0166913,-0.00231329,0.0267194,-0.000190047,-0.0359908,-1.72586,-0.0329955,2.60498,0.291783,-4.13847,0.0287702,0.0403964,26.2534,0.0185572,-23.9709,-0.53633,0.880851,-0.0188369,-0.0151214,0.00616659,0.00799821,-1.72399,-0.012686,0.203596,0.0156159,0.000514593,0.00171621,0.000906758,-0.00595998,-0.00567049,0.000584606,-0.000136962,0,0,0,0,0,0,0,0.0313145,-35.518,-0.260912,27.0026,1.0086,2.9937,0.017502,
-0.0151016,0.00659915,0.00801678,-1.72455,-0.0128782,0.203794,0.0156217,0.000655667,0.0198133,0.000604312,-0.027386,-0.00665611,0.0263176,-8.50895e-06,0.283667,5.35253,0.268405,-6.6842,-2.71426,-0.251115,0.113461,-1.78751e-06,30.8735,-0.00747847,-23.2333,-0.960382,-2.32719,0.00109257,-0.0151214,0.00616659,0.00799821,-1.72399,-0.012686,0.203596,0.0156159,0.000514593,0.00171621,0.000906758,-0.00595998,-0.00567049,0.000584606,-0.000136962,0,0,0,0,0,0,0,0.0313145,-35.518,-0.260912,27.0026,1.0086,2.9937,0.017502,
-0.0151427,0.00702279,0.00797299,-1.72479,-0.0120321,0.203186,0.0156067,-0.000502271,0.0264418,-0.000611266,-0.0279553,0.0158281,0.00586033,-0.000382156,-0.723711,4.1428,-0.759736,-0.35583,14.0526,-12.7858,-0.233529,0.502579,0.210719,0.499873,-0.257843,3.3053,-1.73695,-0.00138618,-0.0151336,0.00694334,0.00799246,-1.72498,-0.0126639,0.205774,0.0156175,-0.000425062,0.0828168,0.0010699,-0.122014,-0.00448497,0.231305,0.000352402,-0.117457,10.1376,0.0203928,-14.5067,0.148189,28.8401,0.0611706,0.233646,-19.8195,-0.137926,11.7841,0.514218,1.72661,0.00376909,
-0.0152073,0.0073661,0.00790746,-1.72495,-0.0105646,0.20222,0.0155971,-0.00201541,0.0297362,-0.0021273,-0.0263687,0.04935,-0.019462,-0.000544264,-0.945713,2.05898,-0.947519,0.99166,20.9512,-15.8265,-0.101317,0.496081,0.206235,0.493765,-0.256267,3.27868,-1.72207,-0.00147069,-0.0151336,0.00694334,0.00799246,-1.72498,-0.0126639,0.205774,0.0156175,-0.000425062,0.0828168,0.0010699,-0.122014,-0.00448497,0.231305,0.000352402,0,0,0,0,0,0,0,0.233646,-19.8195,-0.137926,11.7841,0.514218,1.72661,0.00376909,
-0.0152738,0.00763567,0.00784075,-1.72508,-0.00873,0.201062,0.0155917,-0.00327604,0.0305282,-0.00336964,-0.0243018,0.0853437,-0.0445196,-0.000569877,-0.787891,0.495047,-0.776465,1.2918,22.4961,-15.661,-0.0160081,0.490821,0.203253,0.488718,-0.254583,3.24986,-1.70645,-0.00147093,-0.0151336,0.00694334,0.00799246,-1.72498,-0.0126639,0.205774,0.0156175,-0.000425062,0.0828168,0.0010699,-0.122014,-0.00448497,0.231305,0.000352402,0,0,0,0,0,0,0,0.233646,-19.8195,-0.137926,11.7841,0.514218,1.72661,0.00376909,
-0.0151104,0.00802348,0.00801463,-1.72593,-0.0129303,0.206709,0.0156227,-0.00204107,0.0514262,-0.00214141,-0.0429783,0.0616171,-0.0122363,-0.00032501,0.771856,13.0612,0.767646,-11.6728,-14.8291,20.177,0.153042,-0.00208853,30.9194,-0.0105051,-23.2266,-0.960039,-2.32059,0.00106355,-0.0151336,0.00694334,0.00799246,-1.72498,-0.0126639,0.205774,0.0156175,-0.000425062,0.0828168,0.0010699,-0.122014,-0.00448497,0.231305,0.000352402,0,0,0,0,0,0,0,0.233646,-19.8195,-0.137926,11.7841,0.514218,1.72661,0.00376909,
-0.0152213,0.00899623,0.00789628,-1.72617,-0.00994775,0.204218,0.015574,-0.00440683,0.0654596,-0.00467181,-0.0405566,0.123856,-0.0720601,-0.00147776,-1.4786,8.77088,-1.58151,1.51359,38.8995,-37.3898,-0.72047,4.22426,1.27203,4.20413,-2.00824,11.0415,-9.872,-0.00681986,-0.0150913,0.0119778,0.00808604,-1.7309,-0.0123888,0.210604,0.0156159,-0.00186611,0.17274,0.00685093,-0.148297,0.117517,-0.0423033,-0.000409706,-0.180131,11.2404,0.722628,-3.28548,15.2502,-34.2011,-0.0952635,0.00751081,-19.9187,-0.237108,20.9247,1.63757,1.81267,0.017502,
-0.0153655,0.00973147,0.00774934,-1.72631,-0.00498398,0.199887,0.0155442,-0.00713027,0.0707487,-0.00741087,-0.0358317,0.223179,-0.165913,-0.00192697,-1.70215,3.30572,-1.71191,2.95306,62.0768,-58.658,-0.280753,4.16905,1.34275,4.14738,-1.94443,11.0415,-9.70847,-0.00590748,-0.0150913,0.0119778,0.00808604,-1.7309,-0.0123888,0.210604,0.0156159,-0.00186611,0.17274,0.00685093,-0.148297,0.117517,-0.0423033,-0.000409706,0,0,0,0,0,0,0,0.00751081,-19.9187,-0.237108,20.9247,1.63757,1.81267,0.017502,
-0.015035,0.0135822,0.00814342,-1.73218,-0.0120551,0.210042,0.015625,-0.00429676,0.096709,-0.00449426,-0.060729,0.186888,-0.146774,-0.001315,1.77094,16.2252,1.82288,-15.5608,-22.6822,11.9618,0.382481,-0.00371254,31.1302,-0.0182764,-23.2211,-0.958486,-2.28037,0.00080576,-0.0150913,0.0119778,0.00808604,-1.7309,-0.0123888,0.210604,0.0156159,-0.00186611,0.17274,0.00685093,-0.148297,0.117517,-0.0423033,-0.000409706,0,0,0,0,0,0,0,0.00751081,-19.9187,-0.237108,20.9247,1.63757,1.81267,0.017502,
-0.0146236,0.0147696,0.00856521,-1.73313,-0.00964987,0.205638,0.015662,0.00684573,0.107052,0.00694937,-0.0723235,0.20964,-0.22754,-0.000125966,6.96406,6.46437,7.15227,-7.24653,14.2202,-50.4789,0.743145,29.0285,-0.0501964,28.9384,-13.3559,11.0415,-14.2804,0.0475657,-0.0150913,0.0119778,0.00808604,-1.7309,-0.0123888,0.210604,0.0156159,-0.00186611,0.17274,0.00685093,-0.148297,0.117517,-0.0423033,-0.000409706,0,0,0,0,0,0,0,0.00751081,-19.9187,-0.237108,20.9247,1.63757,1.81267,0.017502,
-0.0139118,0.0156552,0.00928202,-1.73396,-0.00571951,0.198829,0.0157154,0.0232725,0.107782,0.0234798,-0.078416,0.265971,-0.352241,0.00123409,10.2667,0.456108,10.3315,-3.80786,35.2069,-77.9378,0.850034,28.0234,1.49665,27.8878,-11.5765,11.0212,-14.2164,0.0621617,-0.0151038,0.0171709,0.0082594,-1.73292,-0.00821515,0.203117,0.0156017,-0.00178691,0.247211,0.0200779,-0.0304547,0.170126,-0.395938,-0.0018123,0.00990101,9.30887,1.65337,14.7303,6.57615,-44.2043,-0.175324,3.73279,-39.6877,3.36122,21.1746,2.79846,-3.08723,0.104477,
-0.0129595,0.0163333,0.0102345,-1.73472,-0.000650813,0.190474,0.0157794,0.0424251,0.103178,0.0425959,-0.0817112,0.339494,-0.490683,0.00258636,11.9704,-2.87733,11.9476,-2.0595,45.952,-86.5267,0.845171,26.9389,1.79135,26.7799,-10.1801,11.0212,-14.2164,0.0727621,-0.0151038,0.0171709,0.0082594,-1.73292,-0.00821515,0.203117,0.0156017,-0.00178691,0.247211,0.0200779,-0.0304547,0.170126,-0.395938,-0.0018123,0,0,0,0,0,0,0,3.73279,-39.6877,3.36122,21.1746,2.79846,-3.08723,0.104477,
-0.015009,0.0189604,0.00835756,-1.73413,-0.00752448,0.201252,0.0156084,0.0363097,0.127279,0.0365308,-0.0957937,0.288862,-0.439169,0.00223773,-3.8221,15.063,-3.79066,-8.80155,-31.6451,32.1965,-0.217898,-0.021265,31.3096,-0.0424455,-23.2128,-0.978842,-2.21636,0.000826507,-0.0151038,0.0171709,0.0082594,-1.73292,-0.00821515,0.203117,0.0156017,-0.00178691,0.247211,0.0200779,-0.0304547,0.170126,-0.395938,-0.0018123,0,0,0,0,0,0,0,3.73279,-39.6877,3.36122,21.1746,2.79846,-3.08723,0.104477,
-0.0142901,0.0198873,0.00909636,-1.73583,-0.00539484,0.196535,0.0158538,0.0470187,0.124996,0.0476946,-0.118967,0.284331,-0.469275,0.00792565,6.69312,-1.42697,6.97735,-14.4835,-2.83208,-18.8163,3.55495,43.2848,-6.98268,43.0399,-24.1108,11.0212,-14.2164,0.28707,-0.0151038,0.0171709,0.0082594,-1.73292,-0.00821515,0.203117,0.0156017,-0.00178691,0.247211,0.0200779,-0.0304547,0.170126,-0.395938,-0.0018123,0,0,0,0,0,0,0,3.73279,-39.6877,3.36122,21.1746,2.79846,-3.08723,0.104477,
-0.0131399,0.0204079,0.0102495,-1.73756,-0.0018915,0.189643,0.0160125,0.0663713,0.113012,0.0669842,-0.138397,0.315048,-0.547705,0.0103074,12.0954,-7.48996,12.056,-12.1432,19.1984,-49.0188,1.4886,38.7007,-4.75605,38.4082,-22.8105,11.0212,-14.2164,0.174838,-0.0151038,0.0171709,0.0082594,-1.73292,-0.00821515,0.203117,0.0156017,-0.00178691,0.247211,0.0200779,-0.0304547,0.170126,-0.395938,-0.0018123,0,0,0,0,0,0,0,3.73279,-39.6877,3.36122,21.1746,2.79846,-3.08723,0.104477,
-0.0117053,0.020743,0.0116768,-1.7392,0.00281803,0.181254,0.0160862,0.0889628,0.0987858,0.0892687,-0.151899,0.369777,-0.647887,0.010088,14.1196,-8.89123,13.9278,-8.43927,34.2053,-62.614,-0.137105,34.9582,-1.78766,34.6482,-21.3881,10.9673,-14.0205,0.077576,-0.0139963,0.0225132,0.00914627,-1.73721,0.0136878,0.179373,0.0156124,0.119263,0.162268,0.153219,-0.131388,0.565331,-1.16428,0.00594153,15.1312,-10.6178,16.6426,-12.6167,49.4006,-96.0433,0.969228,19.8638,-39.3147,19.5874,28.1967,4.14795,-2.52967,0.0779268,
-0.010171,0.0225542,0.0129416,-1.74253,0.023835,0.160866,0.0161637,0.123415,0.076205,0.12304,-0.189348,0.430995,-0.75815,0.0121771,21.5327,-14.113,21.1073,-23.4051,38.2612,-68.9138,1.30565,52.2673,-13.302,51.5687,-35.6191,10.9673,-14.0205,0.451154,-0.0139963,0.0225132,0.00914627,-1.73721,0.0136878,0.179373,0.0156124,0.119263,0.162268,0.153219,-0.131388,0.565331,-1.16428,0.00594153,0,0,0,0,0,0,0,19.8638,-39.3147,19.5874,28.1967,4.14795,-2.52967,0.0779268,
-0.00790932,0.0224231,0.0151737,-1.74508,0.030023,0.150671,0.0161767,0.155274,0.0576874,0.154235,-0.215128,0.499495,-0.861398,0.0100667,19.9116,-11.5735,19.4966,-16.1131,42.8126,-64.53,-1.319,44.1016,-8.85027,43.4991,-33.2156,10.9673,-14.0205,0.170226,-0.0139963,0.0225132,0.00914627,-1.73721,0.0136878,0.179373,0.0156124,0.119263,0.162268,0.153219,-0.131388,0.565331,-1.16428,0.00594153,0,0,0,0,0,0,0,19.8638,-39.3147,19.5874,28.1967,4.14795,-2.52967,0.0779268,
-0.00557288,0.0223307,0.017479,-1.74746,0.036918,0.140099,0.0161135,0.18263,0.0438395,0.18102,-0.231536,0.57197,-0.953412,0.00647555,17.0976,-8.65496,16.7407,-10.2546,45.2973,-57.5091,-2.24447,38.5302,-5.09424,38.0334,-30.7613,10.9673,-14.0205,-0.000365354,-0.0139963,0.0225132,0.00914627,-1.73721,0.0136878,0.179373,0.0156124,0.119263,0.162268,0.153219,-0.131388,0.565331,-1.16428,0.00594153,0,0,0,0,0,0,0,19.8638,-39.3147,19.5874,28.1967,4.14795,-2.52967,0.0779268,
-0.00321615,0.0222668,0.019804,-1.74972,0.0443865,0.129331,0.016036,0.205022,0.0334736,0.202941,-0.241886,0.644291,-1.03193,0.00324263,13.9952,-6.47865,13.7004,-6.46869,45.2001,-49.0744,-2.02058,35.1722,-2.49099,34.726,-28.6387,11.0758,-13.6222,-0.086015,-0.00699357,0.0260019,0.0161859,-1.74696,0.0352451,0.140412,0.0156695,0.267949,-0.0696453,0.296917,-0.574667,0.677677,-1.19737,0.00069948,18.5858,-28.9892,17.9622,-55.4098,14.0433,-4.13629,-0.655256,27.2905,-35.5458,26.4111,22.2934,5.23559,-3.17329,0.0101778,
0.000312068,0.0260621,0.0234075,-1.75648,0.0558992,0.108049,0.0151963,0.225077,0.0292209,0.222682,-0.2676,0.70394,-1.09034,-0.00233773,12.5344,-2.65797,12.3385,-16.0715,37.281,-36.5066,-3.48772,38.9308,-3.27023,38.4864,-37.1808,11.0758,-13.6222,-0.13768,-0.00699357,0.0260019,0.0161859,-1.74696,0.0352451,0.140412,0.0156695,0.267949,-0.0696453,0.296917,-0.574667,0.677677,-1.19737,0.00069948,0,0,0,0,0,0,0,27.2905,-35.5458,26.4111,22.2934,5.23559,-3.17329,0.0101778,
0.0027163,0.0261672,0.025783,-1.75938,0.0638912,0.0979094,0.0150143,0.240167,0.0260041,0.237533,-0.28645,0.762951,-1.12576,-0.00641955,9.4315,-2.01048,9.28152,-11.7813,36.882,-22.1384,-2.55114,34.9414,-1.30035,34.5661,-35.2236,11.0758,-12.7925,-0.232446,-0.00699357,0.0260019,0.0161859,-1.74696,0.0352451,0.140412,0.0156695,0.267949,-0.0696453,0.296917,-0.574667,0.677677,-1.19737,0.00069948,0,0,0,0,0,0,0,27.2905,-35.5458,26.4111,22.2934,5.23559,-3.17329,0.0101778,
0.00505874,0.0262598,0.0280974,-1.76224,0.072221,0.0883987,0.0148432,0.250695,0.0231185,0.247888,-0.300879,0.818607,-1.13838,-0.00941247,6.57968,-1.80348,6.47191,-9.01784,34.7849,-7.88454,-1.87058,32.217,-0.590816,31.8799,-33.9255,11.0758,-11.9746,-0.245488,-0.00699357,0.0260019,0.0161859,-1.74696,0.0352451,0.140412,0.0156695,0.267949,-0.0696453,0.296917,-0.574667,0.677677,-1.19737,0.00069948,0,0,0,0,0,0,0,27.2905,-35.5458,26.4111,22.2934,5.23559,-3.17329,0.0101778,
0.01876,0.0266623,0.0412078,-1.78195,0.108136,0.0395138,0.014974,0.25606,0.02638,0.253123,-0.313953,0.885694,-1.08424,-0.0114007,3.35337,2.03842,3.27173,-8.17141,41.9294,33.8342,-1.24266,27.8399,-0.247091,27.5556,-32.7431,11.1146,-9.68041,-0.206095,0.00614656,0.0249049,0.0287628,-1.76616,0.0627962,0.088168,0.0158311,0.400405,0.024006,0.366878,-0.488445,1.00846,-1.75323,-0.000737142,16.557,11.7064,8.74523,10.7778,41.3475,-69.4813,-0.179578,13.7264,-31.6777,13.6127,22.9163,4.34936,-1.2104,0.0376436,
0.0208704,0.0269472,0.0432921,-1.78482,0.117312,0.0340773,0.0148377,0.257609,0.0282252,0.254607,-0.322851,0.937961,-1.00331,-0.0125296,0.967644,1.15324,0.927451,-5.56141,32.6666,50.5856,-0.70553,25.7692,-0.0829335,25.5156,-32.1495,11.1146,-8.61724,-0.207707,0.00614656,0.0249049,0.0287628,-1.76616,0.0627962,0.088168,0.0158311,0.400405,0.024006,0.366878,-0.488445,1.00846,-1.75323,-0.000737142,0,0,0,0,0,0,0,13.7264,-31.6777,13.6127,22.9163,4.34936,-1.2104,0.0376436,
0.0228849,0.0272009,0.0452819,-1.78762,0.126409,0.0300704,0.014718,0.25645,0.0289238,0.253429,-0.328333,0.977791,-0.902819,-0.0130145,-0.724262,0.436632,-0.73587,-3.42618,24.8938,62.8049,-0.303083,24.0858,0.313287,23.8561,-31.4296,11.1146,-7.78779,-0.210574,0.00614656,0.0249049,0.0287628,-1.76616,0.0627962,0.088168,0.0158311,0.400405,0.024006,0.366878,-0.488445,1.00846,-1.75323,-0.000737142,0,0,0,0,0,0,0,13.7264,-31.6777,13.6127,22.9163,4.34936,-1.2104,0.0376436,
0.0248143,0.0274238,0.0471876,-1.79035,0.135417,0.027376,0.0146152,0.253395,0.0287114,0.250387,-0.330974,1.00744,-0.789615,-0.0129832,-1.90924,-0.132733,-1.90112,-1.65054,18.529,70.7525,0.0195374,22.8373,0.713731,22.6216,-30.6621,11.1146,-6.25027,-0.200318,0.00614656,0.0249049,0.0287628,-1.76616,0.0627962,0.088168,0.0158311,0.400405,0.024006,0.366878,-0.488445,1.00846,-1.75323,-0.000737142,0,0,0,0,0,0,0,13.7264,-31.6777,13.6127,22.9163,4.34936,-1.2104,0.0376436,
0.037095,0.0280329,0.0599389,-1.8049,0.155456,-0.00197362,0.0147511,0.261658,0.0351787,0.258431,-0.338554,1.05527,-0.699637,-0.0128304,5.1647,4.04201,5.02727,-4.73774,29.8927,56.2362,0.0955444,22.0797,1.02042,21.8537,-29.5259,11.1029,-3.38864,-0.184941,0.0227566,0.0247944,0.0458078,-1.788,0.102494,0.0304693,0.0154167,0.487686,0.0334654,0.492945,-0.66356,1.41959,-1.58237,-0.0121021,10.9102,1.18243,15.7583,-21.8894,51.3914,21.3571,-1.42062,3.07422,-37.1684,3.33742,25.7092,3.76342,1.01067,-0.0566557,
0.0392814,0.0284364,0.0620951,-1.8077,0.165141,-0.00334346,0.0146699,0.263988,0.0382304,0.26065,-0.340998,1.08636,-0.593955,-0.012293,1.45607,1.90735,1.38685,-1.52734,19.4317,66.0509,0.335888,21.2876,1.01114,21.0693,-29.003,11.1029,-1.53166,-0.162597,0.0227566,0.0247944,0.0458078,-1.788,0.102494,0.0304693,0.0154167,0.487686,0.0334654,0.492945,-0.66356,1.41959,-1.58237,-0.0121021,0,0,0,0,0,0,0,3.07422,-37.1684,3.33742,25.7092,3.76342,1.01067,-0.0566557,
0.0413229,0.0287669,0.0641085,-1.81038,0.174575,-0.00359344,0.0146033,0.262228,0.0388459,0.258855,-0.339663,1.10493,-0.481414,-0.011499,-1.10011,0.384662,-1.12175,0.834583,11.6078,70.3383,0.496222,20.5932,0.91229,20.3829,-28.5796,11.1029,0.0142734,-0.141958,0.0227566,0.0247944,0.0458078,-1.788,0.102494,0.0304693,0.0154167,0.487686,0.0334654,0.492945,-0.66356,1.41959,-1.58237,-0.0121021,0,0,0,0,0,0,0,3.07422,-37.1684,3.33742,25.7092,3.76342,1.01067,-0.0566557,
0.0432405,0.0290363,0.0659998,-1.81293,0.183792,-0.0029206,0.0145511,0.257721,0.0378117,0.254366,-0.335612,1.11437,-0.36831,-0.0105046,-2.81677,-0.646333,-2.80576,2.5316,5.89786,70.69,0.621522,19.9717,0.823843,19.7694,-28.2041,11.1029,1.30376,-0.120867,0.0227566,0.0247944,0.0458078,-1.788,0.102494,0.0304693,0.0154167,0.487686,0.0334654,0.492945,-0.66356,1.41959,-1.58237,-0.0121021,0,0,0,0,0,0,0,3.07422,-37.1684,3.33742,25.7092,3.76342,1.01067,-0.0566557,
0.0262489,0.0255271,0.0492477,-1.79199,0.113657,0.0196838,0.0152494,0.293485,0.0485686,0.28949,-0.368245,1.17058,-0.564285,-0.0125874,22.3523,6.72303,21.9523,-20.3952,35.1367,-122.484,-1.30177,22.2146,0.211232,21.9622,-28.6202,10.9212,-2.87036,-0.192346,0.0409097,0.025748,0.0647616,-1.81397,0.153011,-0.0128828,0.0150225,0.459672,-0.0502966,0.65431,-0.800126,1.57142,-0.948886,-0.00256735,-3.50175,-10.4702,20.1706,-17.0708,18.9788,79.1854,1.19185,0.562931,-32.249,0.43733,27.1017,4.27612,4.22692,-0.137222,
0.0293641,0.0262829,0.0523172,-1.79553,0.124579,0.0112805,0.015097,0.312669,0.0577476,0.30833,-0.383208,1.20952,-0.661512,-0.0138796,11.9901,5.73687,11.7754,-9.35191,24.3347,-60.767,-0.807634,21.4225,0.20196,21.1777,-28.0973,10.9212,-1.01338,-0.170003,0.0409097,0.025748,0.0647616,-1.81397,0.153011,-0.0128828,0.0150225,0.459672,-0.0502966,0.65431,-0.800126,1.57142,-0.948886,-0.00256735,0,0,0,0,0,0,0,0.562931,-32.249,0.43733,27.1017,4.27612,4.22692,-0.137222,
0.0321747,0.0269619,0.0550876,-1.79883,0.135195,0.00506585,0.0149634,0.3204,0.063175,0.315924,-0.38905,1.233,-0.684576,-0.014444,4.83193,3.39217,4.74599,-3.65178,14.6775,-14.4146,-0.352733,20.7281,0.103107,20.4913,-27.6739,10.9212,0.532551,-0.149363,0.0409097,0.025748,0.0647616,-1.81397,0.153011,-0.0128828,0.0150225,0.459672,-0.0502966,0.65431,-0.800126,1.57142,-0.948886,-0.00256735,0,0,0,0,0,0,0,0.562931,-32.249,0.43733,27.1017,4.27612,4.22692,-0.137222,
0.0583071,0.0287027,0.0819034,-1.83264,0.218319,-0.0243811,0.0146478,0.310328,0.0589107,0.30594,-0.373524,1.23225,-0.514104,-0.0122201,-6.29533,-2.66523,-6.23983,9.70412,-0.468818,106.544,1.38991,19.0098,0.0122652,18.7974,-26.5781,10.9212,3.71336,-0.090542,0.0409097,0.025748,0.0647616,-1.81397,0.153011,-0.0128828,0.0150225,0.459672,-0.0502966,0.65431,-0.800126,1.57142,-0.948886,-0.00256735,0,0,0,0,0,0,0,0.562931,-32.249,0.43733,27.1017,4.27612,4.22692,-0.137222,
0.0602874,0.0289739,0.0838544,-1.835,0.227832,-0.0223673,0.0146338,0.297772,0.0539098,0.293528,-0.357709,1.22363,-0.360937,-0.0101263,-7.84737,-3.12554,-7.75789,9.88435,-5.38893,95.7298,1.30865,18.3955,-0.497955,18.16,-25.7849,10.6466,4.56379,-0.0758892,0.0593176,0.0282271,0.0838917,-1.8403,0.205327,-0.0329988,0.0147399,0.40774,0.00612114,0.706547,-0.728252,1.40444,-0.699472,-0.012109,-6.49152,7.05221,6.52972,8.98424,-20.8724,31.1768,-1.19271,1.90784,-34.8198,1.56404,23.7891,1.90033,0.891653,-0.103348,
0.0621176,0.0291932,0.0856575,-1.83724,0.237074,-0.0198536,0.0146309,0.283971,0.0486109,0.2799,-0.342168,1.20995,-0.225908,-0.00817408,-8.62534,-3.3118,-8.5169,9.71317,-8.54993,84.3927,1.22013,17.9311,-0.354822,17.7034,-25.4145,10.6466,5.07335,-0.0590575,0.0593176,0.0282271,0.0838917,-1.8403,0.205327,-0.0329988,0.0147399,0.40774,0.00612114,0.706547,-0.728252,1.40444,-0.699472,-0.012109,0,0,0,0,0,0,0,1.90784,-34.8198,1.56404,23.7891,1.90033,0.891653,-0.103348,
0.0638212,0.029371,0.0873361,-1.83938,0.246089,-0.0169742,0.0146386,0.269768,0.0433339,0.265885,-0.32727,1.19333,-0.108741,-0.00634628,-8.87689,-3.29817,-8.7598,9.31091,-10.3884,73.2297,1.14238,17.4875,-0.178053,17.2675,-25.0384,10.6466,5.4422,-0.0442727,0.0593176,0.0282271,0.0838917,-1.8403,0.205327,-0.0329988,0.0147399,0.40774,0.00612114,0.706547,-0.728252,1.40444,-0.699472,-0.012109,0,0,0,0,0,0,0,1.90784,-34.8198,1.56404,23.7891,1.90033,0.891653,-0.103348,
0.0759306,0.031741,0.100236,-1.8577,0.267035,-0.0365505,0.0146588,0.265705,0.0440166,0.261744,-0.318663,1.19149,-0.0377075,-0.0046144,-2.53971,0.426705,-2.58802,5.37947,-1.15271,44.3958,1.08242,16.6588,0.227453,16.4533,-24.2803,10.6466,5.86707,-0.0165695,0.0593176,0.0282271,0.0838917,-1.8403,0.205327,-0.0329988,0.0147399,0.40774,0.00612114,0.706547,-0.728252,1.40444,-0.699472,-0.012109,0,0,0,0,0,0,0,1.90784,-34.8198,1.56404,23.7891,1.90033,0.891653,-0.103348,
0.0777446,0.0320434,0.102019,-1.85984,0.276208,-0.0341058,0.0146894,0.257911,0.042775,0.253972,-0.308485,1.18251,0.0309518,-0.00292467,-4.8708,-0.775992,-4.8573,6.36125,-5.61071,42.9121,1.05608,15.9943,0.0742578,15.7533,-23.4458,10.2751,6.22568,-0.00973737,0.0792385,0.0324125,0.10147,-1.86596,0.262296,-0.0434003,0.0145814,0.391097,0.18546,0.735733,-0.710914,1.55384,-0.0096546,0.000282572,-2.08044,22.4174,3.64826,2.16727,18.6748,86.2271,1.54895,-2.32922,-42.1315,-2.26042,35.1474,1.10016,5.10216,-0.0767973,
0.0794158,0.0322867,0.103663,-1.86187,0.284942,-0.0313249,0.014732,0.248109,0.0403003,0.244278,-0.297411,1.16437,0.0942841,-0.00127612,-6.1265,-1.54669,-6.05888,6.92119,-11.3345,39.5826,1.03035,15.613,0.275138,15.3786,-23.0698,10.2751,6.25162,0.00169698,0.0792385,0.0324125,0.10147,-1.86596,0.262296,-0.0434003,0.0145814,0.391097,0.18546,0.735733,-0.710914,1.55384,-0.0096546,0.000282572,0,0,0,0,0,0,0,-2.32922,-42.1315,-2.26042,35.1474,1.10016,5.10216,-0.0767973,
0.0809682,0.03248,0.10519,-1.86379,0.293197,-0.028315,0.0147807,0.237298,0.037073,0.233613,-0.286106,1.13786,0.150674,0.000196295,-6.75698,-2.01709,-6.66543,7.06607,-16.572,35.2439,0.920259,15.2425,0.465798,15.0142,-22.6981,10.2751,6.23614,0.0130426,0.0792385,0.0324125,0.10147,-1.86596,0.262296,-0.0434003,0.0145814,0.391097,0.18546,0.735733,-0.710914,1.55384,-0.0096546,0.000282572,0,0,0,0,0,0,0,-2.32922,-42.1315,-2.26042,35.1474,1.10016,5.10216,-0.0767973,
0.0970424,0.0391858,0.118934,-1.88403,0.326022,-0.035582,0.0147596,0.232341,0.0399502,0.22853,-0.275817,1.06738,0.177741,0.0010767,-3.09818,1.79828,-3.17711,6.43049,-44.0494,16.9168,0.550253,14.1182,0.958179,13.9073,-21.6191,10.1831,6.04889,0.0470358,0.0792385,0.0324125,0.10147,-1.86596,0.262296,-0.0434003,0.0145814,0.391097,0.18546,0.735733,-0.710914,1.55384,-0.0096546,0.000282572,0,0,0,0,0,0,0,-2.32922,-42.1315,-2.26042,35.1474,1.10016,5.10216,-0.0767973,
0.0986012,0.0395043,0.120461,-1.88578,0.33123,-0.0331414,0.0147964,0.224843,0.0399208,0.220999,-0.264511,0.984101,0.203206,0.00178187,-4.68599,-0.0184077,-4.70678,7.06606,-52.0482,15.9158,0.440731,13.6729,1.10491,13.4677,-21.2764,9.48373,5.95661,0.0588046,0.0792385,0.0324125,0.10147,-1.86596,0.262296,-0.0434003,0.0145814,0.391097,0.18546,0.735733,-0.710914,1.55384,-0.0096546,0.000282572,0,0,0,0,0,0,0,-2.32922,-42.1315,-2.26042,35.1474,1.10016,5.10216,-0.0767973,
0.100044,0.0397517,0.121874,-1.88743,0.335417,-0.0306036,0.0148341,0.215946,0.0381214,0.212129,-0.252972,0.891971,0.226011,0.00236716,-5.56047,-1.12457,-5.54374,7.21183,-57.5814,14.2527,0.365805,12.958,0.743813,12.7089,-20.8542,8.57131,5.81184,0.0629485,0.099021,0.037562,0.118262,-1.88874,0.319306,-0.0354417,0.0145897,0.53192,0.237911,0.494982,-0.540177,1.59905,0.339638,0.00248112,17.6029,6.55634,-30.094,21.3421,5.65188,43.6616,0.274819,-5.70141,-41.7586,-5.06133,31.8863,-1.12915,4.26629,-0.0703886,
0.115508,0.0437974,0.134363,-1.90331,0.357615,-0.0237436,0.0147413,0.211855,0.0387331,0.207849,-0.241953,0.758103,0.230008,0.00284387,-2.55734,0.382269,-2.67526,6.88704,-83.6677,2.49837,0.297945,11.076,1.53916,10.8133,-19.4396,4.3983,5.089,0.0529707,0.099021,0.037562,0.118262,-1.88874,0.319306,-0.0354417,0.0145897,0.53192,0.237911,0.494982,-0.540177,1.59905,0.339638,0.00248112,0,0,0,0,0,0,0,-5.70141,-41.7586,-5.06133,31.8863,-1.12915,4.26629,-0.0703886,
0.116933,0.0440508,0.135752,-1.90481,0.358618,-0.0216933,0.0147833,0.205107,0.0373218,0.201018,-0.231212,0.631564,0.235264,0.00332554,-4.21737,-0.882063,-4.2694,6.71323,-79.0867,3.28472,0.301041,10.8091,1.71822,10.5442,-19.0591,3.24208,4.90452,0.0498449,0.099021,0.037562,0.118262,-1.88874,0.319306,-0.0354417,0.0145897,0.53192,0.237911,0.494982,-0.540177,1.59905,0.339638,0.00248112,0,0,0,0,0,0,0,-5.70141,-41.7586,-5.06133,31.8863,-1.12915,4.26629,-0.0703886,
0.118244,0.0442486,0.137031,-1.90626,0.35897,-0.0195823,0.0148289,0.196875,0.0348039,0.192771,-0.221046,0.514041,0.240984,0.00379881,-5.14492,-1.57366,-5.15396,6.35343,-73.4517,3.57553,0.295799,10.6212,1.86071,10.3571,-18.6778,2.22384,4.72848,0.0483849,0.099021,0.037562,0.118262,-1.88874,0.319306,-0.0354417,0.0145897,0.53192,0.237911,0.494982,-0.540177,1.59905,0.339638,0.00248112,0,0,0,0,0,0,0,-5.70141,-41.7586,-5.06133,31.8863,-1.12915,4.26629,-0.0703886,
0.119463,0.0444058,0.138217,-1.90765,0.358781,-0.0174299,0.0148773,0.18796,0.0317727,0.183885,-0.211615,0.40652,0.246599,0.00425087,-5.57167,-1.89449,-5.55371,5.89465,-67.2007,3.5091,0.282536,10.3496,1.51069,10.0406,-18.2089,1.1245,4.46597,0.0515156,0.115901,0.0411057,0.13711,-1.90823,0.36878,-0.0183773,0.014611,0.75379,0.157641,0.216136,-0.456377,1.14433,0.503264,0.000575456,27.7338,-10.0337,-34.8558,10.4751,-56.8408,20.4533,-0.238208,-11.331,-38.3666,-11.0123,25.9314,-1.94672,1.50139,0.0440523,
0.135802,0.0456103,0.156427,-1.92408,0.376616,-0.00148946,0.0150564,0.174982,0.0267362,0.170896,-0.197014,0.287425,0.239095,0.00468544,-8.11175,-3.14785,-8.1185,9.12525,-74.4347,-4.69015,0.271606,9.9788,1.41221,9.69207,-15.7319,-2.19076,3.65089,0.0628525,0.115901,0.0411057,0.13711,-1.90823,0.36878,-0.0183773,0.014611,0.75379,0.157641,0.216136,-0.456377,1.14433,0.503264,0.000575456,0,0,0,0,0,0,0,-11.331,-38.3666,-11.0123,25.9314,-1.94672,1.50139,0.0440523,
0.136722,0.0456505,0.157315,-1.92516,0.375036,0.000212168,0.0151074,0.162983,0.0223932,0.158915,-0.184496,0.190451,0.233816,0.00502332,-7.49901,-2.71436,-7.4883,7.8242,-60.6088,-3.29896,0.211176,9.91266,1.3371,9.62873,-15.3968,-2.35622,3.56868,0.0641286,0.115901,0.0411057,0.13711,-1.90823,0.36878,-0.0183773,0.014611,0.75379,0.157641,0.216136,-0.456377,1.14433,0.503264,0.000575456,0,0,0,0,0,0,0,-11.331,-38.3666,-11.0123,25.9314,-1.94672,1.50139,0.0440523,
0.137587,0.0456813,0.158149,-1.9262,0.373423,0.00193289,0.0151577,0.152022,0.0186847,0.147988,-0.173689,0.112019,0.230071,0.00527718,-6.85047,-2.31779,-6.82898,6.7541,-49.0196,-2.34073,0.15866,9.83456,1.25775,9.55315,-15.0642,-2.47316,3.49086,0.0652194,0.115901,0.0411057,0.13711,-1.90823,0.36878,-0.0183773,0.014611,0.75379,0.157641,0.216136,-0.456377,1.14433,0.503264,0.000575456,0,0,0,0,0,0,0,-11.331,-38.3666,-11.0123,25.9314,-1.94672,1.50139,0.0440523,
0.138406,0.0457049,0.158938,-1.92721,0.371801,0.00366435,0.0152071,0.142092,0.0155378,0.138102,-0.164289,0.0490823,0.227343,0.00545489,-6.20625,-1.96684,-6.17872,5.87494,-39.3356,-1.70497,0.111068,9.73799,0.862249,9.41074,-14.9081,-2.68898,3.18553,0.0713832,0.128423,0.0437303,0.156415,-1.9232,0.390391,0.00082452,0.0146427,0.363561,0.0293867,0.499186,-0.399256,0.271596,0.578999,0.0050268,-48.7786,-16.0318,35.3813,7.14006,-109.091,9.46682,0.556418,-9.52984,-36.4424,-10.1355,19.9289,-1.87348,-0.865244,0.00376909,
0.144606,0.0456213,0.17206,-1.93557,0.38634,0.0162649,0.0150104,0.133035,0.0123728,0.129024,-0.152625,0.0120812,0.217661,0.00524251,-5.66113,-1.9781,-5.67402,7.29006,-23.1257,-6.05146,-0.132736,8.79586,0.36102,8.4807,-12.6293,-2.46654,2.80415,0.0680802,0.128423,0.0437303,0.156415,-1.9232,0.390391,0.00082452,0.0146427,0.363561,0.0293867,0.499186,-0.399256,0.271596,0.578999,0.0050268,0,0,0,0,0,0,0,-9.52984,-36.4424,-10.1355,19.9289,-1.87348,-0.865244,0.00376909,
0.145328,0.0456126,0.17275,-1.93638,0.385235,0.0177242,0.0150441,0.124475,0.00968199,0.120472,-0.142489,-0.0179636,0.210611,0.00503542,-5.34958,-1.68178,-5.34519,6.3348,-18.778,-4.406,-0.129427,8.62785,0.305168,8.31394,-12.3065,-2.38127,2.76231,0.0665186,0.128423,0.0437303,0.156415,-1.9232,0.390391,0.00082452,0.0146427,0.363561,0.0293867,0.499186,-0.399256,0.271596,0.578999,0.0050268,0,0,0,0,0,0,0,-9.52984,-36.4424,-10.1355,19.9289,-1.87348,-0.865244,0.00376909,
0.146005,0.0455992,0.173396,-1.93717,0.384124,0.0192037,0.0150761,0.116513,0.00740863,0.112534,-0.13361,-0.0421474,0.205477,0.00482986,-4.97669,-1.42085,-4.96117,5.54964,-15.1148,-3.20879,-0.128478,8.45454,0.253383,8.14179,-11.9839,-2.29398,2.72184,0.0648543,0.128423,0.0437303,0.156415,-1.9232,0.390391,0.00082452,0.0146427,0.363561,0.0293867,0.499186,-0.399256,0.271596,0.578999,0.0050268,0,0,0,0,0,0,0,-9.52984,-36.4424,-10.1355,19.9289,-1.87348,-0.865244,0.00376909,
0.146644,0.0455819,0.174005,-1.93792,0.383015,0.0206969,0.0151064,0.109182,0.00549469,0.105239,-0.125763,-0.0614249,0.201712,0.00462175,-4.58132,-1.19622,-4.55902,4.90447,-12.0485,-2.35351,-0.130071,8.29876,0.0746835,7.96117,-11.7989,-2.2021,2.56073,0.0643864,0.145505,0.045647,0.166386,-1.93578,0.391071,0.0181532,0.0146728,0.101181,0.022736,0.636893,-0.334576,-0.0317044,0.431827,0.00187348,-32.7975,-0.831336,17.2134,8.08505,-37.9126,-18.3965,-0.394165,-9.20056,-35.1451,-8.38591,26.705,1.12487,0.73876,-0.0365141,
0.159214,0.0471855,0.179539,-1.94603,0.384741,0.0321021,0.0148156,0.0992663,0.00370695,0.0953513,-0.112552,-0.0687744,0.19344,0.00390961,-6.1976,-1.11734,-6.17994,8.25701,-4.59344,-5.17013,-0.445088,6.58645,-0.213343,6.25949,-8.91536,-1.52545,2.28856,0.042453,0.145505,0.045647,0.166386,-1.93578,0.391071,0.0181532,0.0146728,0.101181,0.022736,0.636893,-0.334576,-0.0317044,0.431827,0.00187348,0,0,0,0,0,0,0,-9.20056,-35.1451,-8.38591,26.705,1.12487,0.73876,-0.0365141,
0.159657,0.0471533,0.179952,-1.94648,0.383965,0.0333937,0.0148225,0.0904887,0.00215982,0.0866106,-0.101203,-0.0744067,0.187041,0.00330126,-5.48596,-0.966955,-5.46299,7.09312,-3.52016,-3.99931,-0.380216,6.39085,-0.234343,6.06537,-8.59584,-1.47668,2.26633,0.0397689,0.145505,0.045647,0.166386,-1.93578,0.391071,0.0181532,0.0146728,0.101181,0.022736,0.636893,-0.334576,-0.0317044,0.431827,0.00187348,0,0,0,0,0,0,0,-9.20056,-35.1451,-8.38591,26.705,1.12487,0.73876,-0.0365141,
0.16007,0.0471173,0.180336,-1.9469,0.383217,0.0346812,0.0148279,0.0827188,0.000828254,0.0788815,-0.0913698,-0.0782346,0.18182,0.00277501,-4.8562,-0.83223,-4.83068,6.14553,-2.39243,-3.26268,-0.328904,6.19521,-0.254138,5.87131,-8.27617,-1.43463,2.24557,0.0371308,0.145505,0.045647,0.166386,-1.93578,0.391071,0.0181532,0.0146728,0.101181,0.022736,0.636893,-0.334576,-0.0317044,0.431827,0.00187348,0,0,0,0,0,0,0,-9.20056,-35.1451,-8.38591,26.705,1.12487,0.73876,-0.0365141,
0.165396,0.0501748,0.182944,-1.95121,0.384837,0.0416874,0.0146749,0.076479,0.000892797,0.0725727,-0.0818258,-0.0698604,0.168486,0.00215011,-3.89989,0.0403397,-3.94301,5.965,5.23386,-8.33405,-0.390563,4.73814,-0.615902,4.40835,-6.07368,-1.23455,2.05315,0.0197966,0.156997,0.0476387,0.175059,-1.94498,0.388817,0.0313037,0.0146919,0.51417,0.126674,-0.0140725,-0.175959,-0.0535619,0.327272,-2.59937e-05,51.6236,12.9923,-81.3707,19.8271,-2.73218,-13.0694,-0.237434,-7.07013,-37.6643,-6.18804,29.4186,0.868527,1.60119,-0.0365141,
0.165768,0.0501702,0.183283,-1.95152,0.384678,0.0425569,0.0146707,0.070484,0.000599334,0.0665397,-0.0732358,-0.0598781,0.156526,0.00161516,-3.74683,-0.183415,-3.7706,5.36878,6.23892,-7.47511,-0.334346,4.55595,-0.635515,4.22827,-5.74957,-1.20104,2.03181,0.0174405,0.156997,0.0476387,0.175059,-1.94498,0.388817,0.0313037,0.0146919,0.51417,0.126674,-0.0140725,-0.175959,-0.0535619,0.327272,-2.59937e-05,0,0,0,0,0,0,0,-7.07013,-37.6643,-6.18804,29.4186,0.868527,1.60119,-0.0365141,
0.166105,0.0501552,0.183588,-1.9518,0.384692,0.0433456,0.014665,0.0648149,0.000105432,0.0608526,-0.0654707,-0.0475391,0.144939,0.0011516,-3.5432,-0.308689,-3.55444,4.85316,7.71188,-7.24157,-0.289726,4.37864,-0.656183,4.0531,-5.42472,-1.15833,2.00557,0.015103,0.156997,0.0476387,0.175059,-1.94498,0.388817,0.0313037,0.0146919,0.51417,0.126674,-0.0140725,-0.175959,-0.0535619,0.327272,-2.59937e-05,0,0,0,0,0,0,0,-7.07013,-37.6643,-6.18804,29.4186,0.868527,1.60119,-0.0365141,
0.166412,0.0501325,0.183862,-1.95204,0.384927,0.0440221,0.014658,0.059505,-0.000484189,0.055537,-0.0584157,-0.0321501,0.132863,0.000744997,-3.31871,-0.368514,-3.32227,4.40938,9.61812,-7.54765,-0.254125,4.20746,-0.678085,3.8841,-5.09911,-1.10379,1.97268,0.0128136,0.156997,0.0476387,0.175059,-1.94498,0.388817,0.0313037,0.0146919,0.51417,0.126674,-0.0140725,-0.175959,-0.0535619,0.327272,-2.59937e-05,0,0,0,0,0,0,0,-7.07013,-37.6643,-6.18804,29.4186,0.868527,1.60119,-0.0365141,
0.165785,0.050847,0.191024,-1.95328,0.427892,0.0281495,0.0145034,0.0517164,-0.00303488,0.0477608,-0.0441583,0.0148253,0.112035,0.00031942,-4.86786,-1.59418,-4.86009,8.91087,29.3597,-13.0176,-0.265986,3.10056,-1.1051,2.77288,-1.6361,1.85748,0.139432,-0.00910101,0.16062,0.0494596,0.186451,-1.95122,0.385296,0.0410662,0.0146884,0.210298,0.0818154,0.131596,-0.106509,-0.158156,0.167397,-0.000642008,-37.984,-5.60738,18.2086,8.68126,-13.0743,-19.9844,-0.0770018,-7.83184,-36.0695,-7.93761,28.1491,2.64557,2.13769,-0.0163725,
0.165931,0.0507339,0.191138,-1.95316,0.429223,0.0285628,0.0144915,0.0450377,-0.00525551,0.0410567,-0.0325365,0.0451486,0.0999596,-4.15405e-05,-4.17422,-1.3879,-4.19006,7.26362,18.9521,-7.54694,-0.2256,3.04247,-1.12351,2.71797,-1.33462,2.47463,-0.231134,-0.00997156,0.16062,0.0494596,0.186451,-1.95122,0.385296,0.0410662,0.0146884,0.210298,0.0818154,0.131596,-0.106509,-0.158156,0.167397,-0.000642008,0,0,0,0,0,0,0,-7.83184,-36.0695,-7.93761,28.1491,2.64557,2.13769,-0.0163725,
0.166058,0.0506167,0.191232,-1.95305,0.430357,0.0291049,0.0144793,0.0392017,-0.00713465,0.0351841,-0.0230784,0.0644772,0.0935201,-0.000339433,-3.64746,-1.17446,-3.67036,5.91132,12.0803,-4.02466,-0.186183,2.96965,-1.13446,2.64863,-1.03832,3.15043,-0.628356,-0.0102528,0.16062,0.0494596,0.186451,-1.95122,0.385296,0.0410662,0.0146884,0.210298,0.0818154,0.131596,-0.106509,-0.158156,0.167397,-0.000642008,0,0,0,0,0,0,0,-7.83184,-36.0695,-7.93761,28.1491,2.64557,2.13769,-0.0163725,
0.166166,0.0504973,0.191306,-1.95292,0.431356,0.0297387,0.0144669,0.0340564,-0.00869178,0.0300038,-0.0153919,0.0765353,0.0906619,-0.000580609,-3.21584,-0.973206,-3.2377,4.8041,7.53631,-1.78641,-0.150735,2.86698,-1.13537,2.54985,-0.746334,3.86876,-1.03581,-0.00965515,0.16062,0.0494596,0.186451,-1.95122,0.385296,0.0410662,0.0146884,0.210298,0.0818154,0.131596,-0.106509,-0.158156,0.167397,-0.000642008,0,0,0,0,0,0,0,-7.83184,-36.0695,-7.93761,28.1491,2.64557,2.13769,-0.0163725,
0.166256,0.050377,0.191363,-1.9528,0.432258,0.0304387,0.0144546,0.0295086,-0.00996124,0.0254282,-0.00915308,0.0837899,0.0900289,-0.000773101,-2.84235,-0.793414,-2.85975,3.89924,4.53416,-0.395588,-0.120307,2.74708,-1.22908,2.42114,-0.436012,4.61027,-1.41782,-0.00816719,0.165343,0.0503775,0.190331,-1.95562,0.387182,0.0434279,0.0146747,0.0803126,-0.0198781,0.0999841,-0.0969309,0.191319,-0.0311687,-0.0011444,-16.2482,-12.7117,-3.95154,1.19727,43.6843,-24.8207,-0.0627988,-3.67016,-38.6125,-3.63707,29.1211,4.05639,2.13128,-0.00996382,
0.167102,0.050408,0.191923,-1.95645,0.398921,0.0385334,0.0146302,0.0311835,-0.00786992,0.0269828,-0.0098881,0.161722,0.0333112,-0.0007555,1.0468,1.30707,0.971627,-0.459387,48.7076,-35.4486,0.0110003,2.89984,-1.24082,2.56928,-0.725977,3.87108,-1.02156,-0.00990061,0.165343,0.0503775,0.190331,-1.95562,0.387182,0.0434279,0.0146747,0.0803126,-0.0198781,0.0999841,-0.0969309,0.191319,-0.0311687,-0.0011444,0,0,0,0,0,0,0,-3.67016,-38.6125,-3.63707,29.1211,4.05639,2.13128,-0.00996382,
0.167338,0.0504044,0.192124,-1.95651,0.403229,0.0368136,0.0146316,0.0308479,-0.00638512,0.0266073,-0.00953186,0.237069,-0.0163455,-0.000568387,-0.209769,0.928004,-0.234701,0.222652,47.0916,-31.0354,0.116946,2.74708,-1.22908,2.42114,-0.436012,4.61027,-1.41782,-0.00816719,0.165343,0.0503775,0.190331,-1.95562,0.387182,0.0434279,0.0146747,0.0803126,-0.0198781,0.0999841,-0.0969309,0.191319,-0.0311687,-0.0011444,0,0,0,0,0,0,0,-3.67016,-38.6125,-3.63707,29.1211,4.05639,2.13128,-0.00996382,
0.167513,0.0503942,0.192265,-1.95654,0.408015,0.0349502,0.0146384,0.0290486,-0.00536417,0.0248194,-0.00843825,0.309302,-0.059661,-0.000286525,-1.12454,0.638089,-1.11742,0.683507,45.1457,-27.0722,0.176164,2.51803,-1.20276,2.19791,-0.143481,5.34013,-1.77722,-0.00485552,0.165343,0.0503775,0.190331,-1.95562,0.387182,0.0434279,0.0146747,0.0803126,-0.0198781,0.0999841,-0.0969309,0.191319,-0.0311687,-0.0011444,0,0,0,0,0,0,0,-3.67016,-38.6125,-3.63707,29.1211,4.05639,2.13128,-0.00996382,
0.165962,0.0509132,0.190926,-1.95642,0.38801,0.0433327,0.0146588,0.0387118,0.00910115,0.0347227,-0.0267048,0.268125,-0.0501107,-0.000625561,6.0395,9.04082,6.18958,-11.4166,-25.7354,5.96891,-0.211898,0.0145863,29.388,-0.392469,-21.2946,-2.40157,-0.0655404,-0.00923541,0.165343,0.0503775,0.190331,-1.95562,0.387182,0.0434279,0.0146747,0.0803126,-0.0198781,0.0999841,-0.0969309,0.191319,-0.0311687,-0.0011444,0,0,0,0,0,0,0,-3.67016,-38.6125,-3.63707,29.1211,4.05639,2.13128,-0.00996382,
0.166442,0.0513704,0.191352,-1.95691,0.389752,0.0425303,0.0146435,0.0429714,0.0187116,0.0384336,-0.0336589,0.258054,-0.0601476,-0.000883759,2.66223,6.00655,2.31927,-4.34631,-6.29472,-6.27306,-0.161374,2.73779,-1.24603,2.40211,-0.443801,4.56829,-1.39473,-0.00819508,0.168383,0.0510421,0.192256,-1.9574,0.396504,0.0418191,0.0146636,0.115677,0.0226954,-0.0086246,-0.0139588,0.324958,-0.0804605,-0.0014533,4.42057,5.32169,-13.5761,10.3715,16.7049,-6.16147,-0.0386121,-1.36517,-34.919,-0.986925,24.8364,4.16626,0.533682,0.017502,
0.166806,0.0517227,0.191668,-1.95726,0.392317,0.0413093,0.0146319,0.0434772,0.0237767,0.0386592,-0.0356412,0.270561,-0.078644,-0.000995424,0.316155,3.16569,0.141043,-1.23895,7.81727,-11.5603,-0.0697905,2.50874,-1.21971,2.17888,-0.151274,5.29816,-1.75416,-0.00488326,0.168383,0.0510421,0.192256,-1.9574,0.396504,0.0418191,0.0146636,0.115677,0.0226954,-0.0086246,-0.0139588,0.324958,-0.0804605,-0.0014533,0,0,0,0,0,0,0,-1.36517,-34.919,-0.986925,24.8364,4.16626,0.533682,0.017502,
0.167083,0.0519865,0.191902,-1.95752,0.395609,0.039793,0.0146262,0.0416991,0.0256156,0.0367757,-0.034902,0.298758,-0.100822,-0.000938556,-1.11135,1.14926,-1.1772,0.462001,17.6232,-13.8615,0.0355423,2.16999,-1.17969,1.84821,0.151566,5.98539,-2.05384,0.000511578,0.168383,0.0510421,0.192256,-1.9574,0.396504,0.0418191,0.0146636,0.115677,0.0226954,-0.0086246,-0.0139588,0.324958,-0.0804605,-0.0014533,0,0,0,0,0,0,0,-1.36517,-34.919,-0.986925,24.8364,4.16626,0.533682,0.017502,
0.16729,0.052182,0.19207,-1.9577,0.399546,0.0380537,0.0146279,0.0385389,0.0253799,0.0336203,-0.0325174,0.337432,-0.124139,-0.000710209,-1.97509,-0.147269,-1.97213,1.49035,24.1707,-14.573,0.142717,1.67926,-1.13463,1.36894,0.472991,6.59903,-2.28128,0.00827361,0.168383,0.0510421,0.192256,-1.9574,0.396504,0.0418191,0.0146636,0.115677,0.0226954,-0.0086246,-0.0139588,0.324958,-0.0804605,-0.0014533,0,0,0,0,0,0,0,-1.36517,-34.919,-0.986925,24.8364,4.16626,0.533682,0.017502,
0.169285,0.0512773,0.192987,-1.95765,0.413534,0.0359816,0.0146419,0.0338235,0.0207264,0.0288887,-0.0264612,0.395966,-0.143783,-0.00101503,-2.94711,-2.90848,-2.95725,3.78513,36.5839,-12.2775,-0.190516,2.18539,-1.15956,1.85101,0.14165,5.91266,-1.99558,0.000297179,0.170335,0.0520738,0.193062,-1.9592,0.40925,0.0401342,0.0146558,0.0817699,0.0407243,0.00609927,-0.0393456,0.487012,-0.0802045,-0.001358,-4.23841,2.2536,1.84048,-3.17334,20.2568,0.0319957,0.0119118,2.13398,-35.645,2.81373,30.8627,3.93463,0.202261,0.0303194,
0.169385,0.0512715,0.19306,-1.95763,0.418395,0.0343644,0.0146161,0.0295813,0.0164373,0.0249289,-0.0207338,0.438284,-0.155458,-0.00145667,-2.65143,-2.68069,-2.47486,3.57962,26.4488,-7.29655,-0.27602,1.69471,-1.1144,1.37178,0.463062,6.52646,-2.22332,0.00806107,0.170335,0.0520738,0.193062,-1.9592,0.40925,0.0401342,0.0146558,0.0817699,0.0407243,0.00609927,-0.0393456,0.487012,-0.0802045,-0.001358,0,0,0,0,0,0,0,2.13398,-35.645,2.81373,30.8627,3.93463,0.202261,0.0303194,
0.169535,0.0512278,0.193188,-1.95758,0.42208,0.033433,0.0146107,0.0273958,0.0120572,0.02315,-0.0153842,0.442758,-0.14765,-0.00130014,-1.36591,-2.73752,-1.11181,3.34351,2.79651,4.87983,0.0978299,1.01061,-1.09126,0.69937,0.793646,7.04635,-2.36717,0.0140101,0.170335,0.0520738,0.193062,-1.9592,0.40925,0.0401342,0.0146558,0.0817699,0.0407243,0.00609927,-0.0393456,0.487012,-0.0802045,-0.001358,0,0,0,0,0,0,0,2.13398,-35.645,2.81373,30.8627,3.93463,0.202261,0.0303194,
0.170944,0.0526137,0.193544,-1.95951,0.423077,0.0361783,0.0146152,0.025622,0.0124245,0.0214249,-0.013375,0.469858,-0.151819,-0.00170297,-1.10863,0.229563,-1.07824,1.25579,16.9374,-2.6058,-0.251769,1.00444,-1.114,0.692876,0.815667,6.75372,-2.0565,0.014337,0.170335,0.0520738,0.193062,-1.9592,0.40925,0.0401342,0.0146558,0.0817699,0.0407243,0.00609927,-0.0393456,0.487012,-0.0802045,-0.001358,0,0,0,0,0,0,0,2.13398,-35.645,2.81373,30.8627,3.93463,0.202261,0.0303194,
0.171128,0.0526557,0.193704,-1.95951,0.426523,0.0354812,0.0146094,0.0250786,0.0109891,0.0211271,-0.010617,0.462056,-0.138884,-0.00150645,-0.339601,-0.897155,-0.18613,1.72372,-4.87619,8.08473,0.122827,0.249431,-1.10359,-0.147484,1.03591,6.96595,-1.96694,-0.017722,0.171129,0.0530557,0.194391,-1.96012,0.428877,0.0350936,0.0146649,-0.000289111,0.056479,0.0492213,0.00115359,0.737521,-0.184689,0.000412421,-10.2574,1.96935,5.39025,5.0624,31.3137,-13.0606,0.221303,1.32465,-36.367,1.48866,26.1575,3.10974,-0.733408,-0.0227812,
0.17133,0.0526454,0.19388,-1.95946,0.428964,0.0353255,0.0146027,0.025128,0.00853378,0.0212997,-0.00745904,0.430657,-0.114998,-0.00137277,0.0308646,-1.53456,0.107934,1.97373,-19.6246,14.9284,0.0835498,0.0399717,-1.1281,-0.31728,1.38818,5.28326,-1.02781,-0.0332391,0.171129,0.0530557,0.194391,-1.96012,0.428877,0.0350936,0.0146649,-0.000289111,0.056479,0.0492213,0.00115359,0.737521,-0.184689,0.000412421,0,0,0,0,0,0,0,1.32465,-36.367,1.48866,26.1575,3.10974,-0.733408,-0.0227812,
0.171528,0.0525987,0.194046,-1.9594,0.430752,0.0355408,0.0145932,0.0250447,0.00565873,0.0212023,-0.00431238,0.389219,-0.0866165,-0.00133509,-0.0520955,-1.79691,-0.0609199,1.96666,-25.8989,17.7386,0.0235465,0.177608,-1.32239,-0.253639,1.64319,1.4039,1.09794,-0.0148948,0.171129,0.0530557,0.194391,-1.96012,0.428877,0.0350936,0.0146649,-0.000289111,0.056479,0.0492213,0.00115359,0.737521,-0.184689,0.000412421,0,0,0,0,0,0,0,1.32465,-36.367,1.48866,26.1575,3.10974,-0.733408,-0.0227812,
0.173022,0.0440855,0.192688,-1.9493,0.405819,0.182875,0.0137501,0.0200292,0.00282939,0.0162554,-0.00146814,0.331074,-0.0610379,-0.00128528,-3.13463,-1.76834,-3.09178,1.77765,-36.3403,15.9866,0.031134,0.177608,-1.32239,-0.253639,1.64319,1.4039,1.09794,-0.0148948,0.171129,0.0530557,0.194391,-1.96012,0.428877,0.0350936,0.0146649,-0.000289111,0.056479,0.0492213,0.00115359,0.737521,-0.184689,0.000412421,0,0,0,0,0,0,0,1.32465,-36.367,1.48866,26.1575,3.10974,-0.733408,-0.0227812,
0.173624,0.0437113,0.193746,-1.94898,0.496802,0.10691,0.013613,0.0161726,-0.000144754,0.0124281,0.00128316,0.278144,-0.0324646,-0.00127581,-2.4104,-1.85884,-2.39208,1.71956,-33.0814,17.8583,0.00592028,0.145002,-1.39748,-0.293736,1.72832,1.33543,1.16535,-0.0149043,0.172536,0.0535259,0.194896,-1.96021,0.451776,0.0297417,0.014657,0.0598478,-0.0104263,0.0100872,0.00718882,0.489254,-0.070564,-0.00087112,7.51711,-8.36317,-4.89175,0.754404,-31.0335,14.2656,-0.160443,-1.84521,-34.5223,-1.26067,25.2094,0.960079,1.69366,-0.0227812,
0.173624,0.0437113,0.193746,-1.94898,0.496802,0.10691,0.013613,0.0130873,-0.00252407,0.00936625,0.0034842,0.2358,-0.00960603,-0.00126823,-1.92832,-1.48707,-1.91366,1.37565,-26.4651,14.2866,0.00473623,0.145002,-1.39748,-0.293736,1.72832,1.33543,1.16535,-0.0149043,0.172536,0.0535259,0.194896,-1.96021,0.451776,0.0297417,0.014657,0.0598478,-0.0104263,0.0100872,0.00718882,0.489254,-0.070564,-0.00087112,0,0,0,0,0,0,0,-1.84521,-34.5223,-1.26067,25.2094,0.960079,1.69366,-0.0227812,
0.173624,0.0437113,0.193746,-1.94898,0.496802,0.10691,0.013613,0.010619,-0.00442752,0.00691676,0.00524503,0.201924,0.00868084,-0.00126216,-1.54266,-1.18966,-1.53093,1.10052,-21.1721,11.4293,0.00378898,0.145002,-1.39748,-0.293736,1.72832,1.33543,1.16535,-0.0149043,0.172536,0.0535259,0.194896,-1.96021,0.451776,0.0297417,0.014657,0.0598478,-0.0104263,0.0100872,0.00718882,0.489254,-0.070564,-0.00087112,0,0,0,0,0,0,0,-1.84521,-34.5223,-1.26067,25.2094,0.960079,1.69366,-0.0227812,
0.173624,0.0437113,0.193746,-1.94898,0.496802,0.10691,0.013613,0.00864443,-0.00595028,0.00495717,0.0066537,0.174824,0.0233103,-0.00125731,-1.23413,-0.951725,-1.22474,0.880416,-16.9377,9.14344,0.00303118,0.145002,-1.39748,-0.293736,1.72832,1.33543,1.16535,-0.0149043,0.172536,0.0535259,0.194896,-1.96021,0.451776,0.0297417,0.014657,0.0598478,-0.0104263,0.0100872,0.00718882,0.489254,-0.070564,-0.00087112,0,0,0,0,0,0,0,-1.84521,-34.5223,-1.26067,25.2094,0.960079,1.69366,-0.0227812,
0.174922,0.0427702,0.194146,-1.94858,0.513441,0.104822,0.0135844,0.00706589,-0.0072162,0.003401,0.00773693,0.152531,0.0352061,-0.00125517,-0.98659,-0.791201,-0.972607,0.677024,-13.9334,7.43488,0.00133847,0.145073,-1.38451,-0.299317,1.70617,1.30375,1.1554,-0.0149032,0.173497,0.053772,0.195941,-1.96002,0.463934,0.0345147,0.0146568,0.00397259,-0.0043553,0.0454413,0.0307062,0.358862,0.153112,-0.000912932,-6.9844,0.758875,4.41925,2.93967,-16.299,27.9596,-0.00522647,-1.38897,-35.2205,-0.859972,25.8322,1.58905,1.43548,-0.0227812,
0.174922,0.0427702,0.194146,-1.94858,0.513441,0.104822,0.0135844,0.00580305,-0.00822894,0.00215606,0.00860353,0.134696,0.0447228,-0.00125346,-0.789272,-0.63296,-0.778086,0.541619,-11.1467,5.9479,0.00107078,0.145073,-1.38451,-0.299317,1.70617,1.30375,1.1554,-0.0149032,0.173497,0.053772,0.195941,-1.96002,0.463934,0.0345147,0.0146568,0.00397259,-0.0043553,0.0454413,0.0307062,0.358862,0.153112,-0.000912932,0,0,0,0,0,0,0,-1.38897,-35.2205,-0.859972,25.8322,1.58905,1.43548,-0.0227812,
0.174922,0.0427702,0.194146,-1.94858,0.513441,0.104822,0.0135844,0.00479278,-0.00903913,0.00116011,0.0092968,0.120428,0.0523361,-0.00125209,-0.631418,-0.506368,-0.622469,0.433295,-8.91736,4.75832,0.000856622,0.145073,-1.38451,-0.299317,1.70617,1.30375,1.1554,-0.0149032,0.173497,0.053772,0.195941,-1.96002,0.463934,0.0345147,0.0146568,0.00397259,-0.0043553,0.0454413,0.0307062,0.358862,0.153112,-0.000912932,0,0,0,0,0,0,0,-1.38897,-35.2205,-0.859972,25.8322,1.58905,1.43548,-0.0227812,
0.204077,0.0490956,0.226901,-1.95633,0.186971,0.377599,0.0146081,0.016102,-0.0103534,0.0125446,0.0083328,0.0798483,0.0851429,-0.000945631,7.06827,-0.821392,7.11533,-0.602502,-25.3625,20.5042,0.191536,6.17046,-2.31799,5.81386,1.17506,-1.96136,3.75827,-0.00373127,0.173497,0.053772,0.195941,-1.96002,0.463934,0.0345147,0.0146568,0.00397259,-0.0043553,0.0454413,0.0307062,0.358862,0.153112,-0.000912932,0,0,0,0,0,0,0,-1.38897,-35.2205,-0.859972,25.8322,1.58905,1.43548,-0.0227812,
0.186073,0.0463631,0.206955,-1.95443,0.435136,0.112239,0.0144298,0.0131892,-0.0107488,0.00956112,0.00916237,0.0869151,0.0792777,-0.00102607,-1.82053,-0.247151,-1.8647,0.518483,4.41676,-3.66572,-0.0502711,6.04453,-2.29812,5.68173,1.17675,-1.9371,3.6317,-0.00384231,0.173497,0.053772,0.195941,-1.96002,0.463934,0.0345147,0.0146568,0.00397259,-0.0043553,0.0454413,0.0307062,0.358862,0.153112,-0.000912932,0,0,0,0,0,0,0,-1.38897,-35.2205,-0.859972,25.8322,1.58905,1.43548,-0.0227812,
0.186085,0.0462637,0.206936,-1.95433,0.436049,0.112692,0.014419,0.0108464,-0.0110822,0.00716236,0.00984079,0.0923568,0.0747581,-0.00109126,-1.46425,-0.208361,-1.49922,0.424011,3.40108,-2.82477,-0.0407457,5.91795,-2.27793,5.54933,1.17935,-1.91539,3.51391,-0.00394836,0.173497,0.053772,0.195941,-1.96002,0.463934,0.0345147,0.0146568,0.00397259,-0.0043553,0.0454413,0.0307062,0.358862,0.153112,-0.000912932,0,0,0,0,0,0,0,-1.38897,-35.2205,-0.859972,25.8322,1.58905,1.43548,-0.0227812,
0.186097,0.0461639,0.206916,-1.95423,0.436956,0.11315,0.0144082,0.00895768,-0.011362,0.00523003,0.0103934,0.0965564,0.0712539,-0.00114373,-1.18043,-0.174884,-1.20771,0.345387,2.62474,-2.19011,-0.0327979,5.79071,-2.25736,5.41666,1.18282,-1.89595,3.40428,-0.00404632,0.173497,0.053772,0.195941,-1.96002,0.463934,0.0345147,0.0146568,0.00397259,-0.0043553,0.0454413,0.0307062,0.358862,0.153112,-0.000912932,0,0,0,0,0,0,0,-1.38897,-35.2205,-0.859972,25.8322,1.58905,1.43548,-0.0227812,
0.185313,0.0462802,0.206012,-1.95451,0.44984,0.102753,0.0143547,0.00743574,-0.0116662,0.00367203,0.0109059,0.103973,0.0667363,-0.00121665,-0.95121,-0.190131,-0.973748,0.320304,4.63528,-2.82354,-0.0455729,6.14119,-2.10155,5.77838,0.922182,-1.57331,3.16947,-0.00472497,0.173497,0.053772,0.195941,-1.96002,0.463934,0.0345147,0.0146568,0.00397259,-0.0043553,0.0454413,0.0307062,0.358862,0.153112,-0.000912932,0,0,0,0,0,0,0,-1.38897,-35.2205,-0.859972,25.8322,1.58905,1.43548,-0.0227812,
0.185323,0.046177,0.205992,-1.95441,0.450906,0.103143,0.0143426,0.00620859,-0.0119143,0.00241768,0.0113146,0.109824,0.0631377,-0.00127471,-0.766971,-0.155053,-0.783971,0.255436,3.65701,-2.24909,-0.0362849,6.01086,-2.11505,5.631,0.93087,-1.58486,3.08208,-0.00473045,0.173497,0.053772,0.195941,-1.96002,0.463934,0.0345147,0.0146568,0.00397259,-0.0043553,0.0454413,0.0307062,0.358862,0.153112,-0.000912932,0,0,0,0,0,0,0,-1.38897,-35.2205,-0.859972,25.8322,1.58905,1.43548,-0.0227812,
0.185333,0.0460736,0.205971,-1.9543,0.451969,0.103533,0.0143306,0.00521875,-0.0121162,0.00140774,0.0116386,0.11443,0.0602628,-0.00132085,-0.618646,-0.12619,-0.631212,0.202509,2.87838,-1.79683,-0.0288361,5.86488,-2.11412,5.47346,0.904654,-1.62236,2.98174,-0.00443673,0.174727,0.0531515,0.196675,-1.95969,0.473177,0.0401243,0.0146558,0.0494989,-0.0404495,0.00454295,0.0200655,0.227414,0.161067,0.00121012,5.69078,-4.51177,-5.11229,-1.33008,-16.431,0.994313,0.265382,-1.66668,-33.1218,-1.18529,25.6339,1.76025,2.11846,-0.0566557,
0.185343,0.0459701,0.205949,-1.9542,0.453029,0.103923,0.0143185,0.00442013,-0.0122801,0.000594678,0.0118936,0.118043,0.0579581,-0.00135743,-0.499142,-0.102459,-0.508164,0.159349,2.2582,-1.44042,-0.0228686,5.73067,-2.11492,5.32777,0.915778,-1.63164,2.90571,-0.0044573,0.174727,0.0531515,0.196675,-1.95969,0.473177,0.0401243,0.0146558,0.0494989,-0.0404495,0.00454295,0.0200655,0.227414,0.161067,0.00121012,0,0,0,0,0,0,0,-1.66668,-33.1218,-1.18529,25.6339,1.76025,2.11846,-0.0566557,
0.18632,0.0453211,0.206612,-1.95417,0.459014,0.106815,0.0142979,0.00381211,-0.0123756,-1.4563e-05,0.0119811,0.125613,0.05269,-0.00140716,-0.380011,-0.0597084,-0.380776,0.0547359,4.73127,-3.29255,-0.0310784,6.06603,-2.10122,5.71809,0.958326,-1.65387,3.20495,-0.00567058,0.174727,0.0531515,0.196675,-1.95969,0.473177,0.0401243,0.0146558,0.0494989,-0.0404495,0.00454295,0.0200655,0.227414,0.161067,0.00121012,0,0,0,0,0,0,0,-1.66668,-33.1218,-1.18529,25.6339,1.76025,2.11846,-0.0566557,
0.186331,0.0452188,0.206592,-1.95407,0.460258,0.107069,0.0142851,0.00332059,-0.0124584,-0.000505539,0.0120502,0.131585,0.0484976,-0.00144677,-0.307197,-0.0517473,-0.30686,0.04317,3.73259,-2.62026,-0.0247567,5.9344,-2.10009,5.57513,0.967138,-1.65928,3.11634,-0.00570548,0.174727,0.0531515,0.196675,-1.95969,0.473177,0.0401243,0.0146558,0.0494989,-0.0404495,0.00454295,0.0200655,0.227414,0.161067,0.00121012,0,0,0,0,0,0,0,-1.66668,-33.1218,-1.18529,25.6339,1.76025,2.11846,-0.0566557,
0.186341,0.0451163,0.206572,-1.95397,0.461498,0.107323,0.0142722,0.00292293,-0.0125297,-0.000901234,0.012103,0.136282,0.0451565,-0.00147825,-0.248538,-0.0445353,-0.247309,0.0329775,2.93605,-2.08819,-0.0196773,5.78837,-2.01249,5.42319,0.867114,-1.65647,2.95447,-0.0051762,0.177002,0.0523983,0.198596,-1.95919,0.470518,0.0556623,0.0146601,0.0525635,-0.0150672,0.047488,0.0532806,0.0347357,0.399071,0.00703006,0.383074,3.17278,5.36813,4.15189,-24.0848,29.7505,0.727493,1.85627,-33.2488,2.38923,22.0712,1.25946,-0.0238741,-0.123489,
0.186352,0.0450136,0.206552,-1.95387,0.462736,0.107578,0.0142594,0.00260101,-0.0125906,-0.00122005,0.0121415,0.139963,0.0424897,-0.00150322,-0.201203,-0.0380893,-0.199258,0.0240774,2.30036,-1.66679,-0.0156016,5.65389,-2.00353,5.28098,0.877999,-1.66078,2.87738,-0.00521626,0.177002,0.0523983,0.198596,-1.95919,0.470518,0.0556623,0.0146601,0.0525635,-0.0150672,0.047488,0.0532806,0.0347357,0.399071,0.00703006,0,0,0,0,0,0,0,1.85627,-33.2488,2.38923,22.0712,1.25946,-0.0238741,-0.123489,
0.189408,0.0452686,0.209449,-1.95393,0.449962,0.124751,0.0142951,0.00235844,-0.0124253,-0.00146406,0.0119315,0.148978,0.035287,-0.00153509,-0.151603,0.103364,-0.152509,-0.131262,5.63452,-4.50169,-0.0199197,6.29578,-1.96296,5.98081,0.876085,-1.66479,3.19105,-0.00599428,0.177002,0.0523983,0.198596,-1.95919,0.470518,0.0556623,0.0146601,0.0525635,-0.0150672,0.047488,0.0532806,0.0347357,0.399071,0.00703006,0,0,0,0,0,0,0,1.85627,-33.2488,2.38923,22.0712,1.25946,-0.0238741,-0.123489,
0.189419,0.0451738,0.20943,-1.95384,0.451437,0.124807,0.0142818,0.00216967,-0.01231,-0.00165329,0.0117718,0.156059,0.0296247,-0.00156118,-0.117985,0.0720216,-0.11827,-0.0998292,4.42521,-3.53892,-0.0163046,6.16493,-1.96085,5.83877,0.884329,-1.66829,3.10102,-0.00605103,0.177002,0.0523983,0.198596,-1.95919,0.470518,0.0556623,0.0146601,0.0525635,-0.0150672,0.047488,0.0532806,0.0347357,0.399071,0.00703006,0,0,0,0,0,0,0,1.85627,-33.2488,2.38923,22.0712,1.25946,-0.0238741,-0.123489,
0.189431,0.0450785,0.209411,-1.95375,0.452907,0.124866,0.0142685,0.00202085,-0.0122318,-0.00180149,0.0116493,0.161611,0.0251681,-0.00158235,-0.0930086,0.0488827,-0.0926221,-0.0765637,3.46995,-2.78539,-0.0132357,6.02378,-1.91861,5.6876,0.829232,-1.65998,2.95218,-0.00578945,0.179114,0.0520382,0.201108,-1.95861,0.469749,0.0688577,0.0146528,0.049195,-0.0128852,0.0965304,0.0247336,0.000335927,0.390931,0.000644966,-0.421054,0.27275,6.1303,-3.56838,-4.29997,-1.01741,-0.798137,1.07074,-34.8198,1.43709,23.2892,2.5476,-0.136484,-0.0301054,
0.189442,0.0449827,0.209392,-1.95366,0.454374,0.124927,0.0142551,0.00190233,-0.0121807,-0.00191837,0.0115541,0.165951,0.0216578,-0.00159943,-0.0740765,0.0319348,-0.0730521,-0.0594612,2.71274,-2.19393,-0.0106725,5.89051,-1.91086,5.54598,0.839053,-1.66318,2.87387,-0.00584247,0.179114,0.0520382,0.201108,-1.95861,0.469749,0.0688577,0.0146528,0.049195,-0.0128852,0.0965304,0.0247336,0.000335927,0.390931,0.000644966,0,0,0,0,0,0,0,1.07074,-34.8198,1.43709,23.2892,2.5476,-0.136484,-0.0301054,
0.181314,0.0516464,0.203416,-1.95812,0.451382,0.0880284,0.0148083,0.0201619,-0.0129543,0.017622,0.0125882,-0.0693116,0.202909,-7.92875e-05,11.4122,-0.483492,12.2127,0.646325,-147.039,113.282,0.950088,2.54646,1.05622,2.64105,1.31063,-14.6697,11.9061,0.0430985,0.179114,0.0520382,0.201108,-1.95861,0.469749,0.0688577,0.0146528,0.049195,-0.0128852,0.0965304,0.0247336,0.000335927,0.390931,0.000644966,0,0,0,0,0,0,0,1.07074,-34.8198,1.43709,23.2892,2.5476,-0.136484,-0.0301054,
0.182026,0.0515307,0.204142,-1.95801,0.442181,0.0960241,0.0148569,0.0339426,-0.0132545,0.0322518,0.0126743,-0.285475,0.36222,0.0011507,8.61299,-0.18764,9.14363,0.0538174,-135.102,99.5693,0.768745,2.96196,0.701819,3.07597,1.22924,-14.6697,11.9061,0.0457996,0.179114,0.0520382,0.201108,-1.95861,0.469749,0.0688577,0.0146528,0.049195,-0.0128852,0.0965304,0.0247336,0.000335927,0.390931,0.000644966,0,0,0,0,0,0,0,1.07074,-34.8198,1.43709,23.2892,2.5476,-0.136484,-0.0301054,
0.182697,0.0514305,0.204822,-1.95794,0.432227,0.104395,0.0149073,0.0439252,-0.0131096,0.0428074,0.0120888,-0.477247,0.499039,0.00218141,6.23907,0.0905796,6.59726,-0.365994,-119.858,85.5122,0.644191,3.39058,0.406003,3.50871,1.06047,-14.6539,11.8365,0.050885,0.182088,0.0515128,0.20315,-1.95844,0.469697,0.082901,0.0146525,0.108955,-0.0225718,0.00743552,0.015207,-0.0135142,0.400855,0.000942861,7.47004,-1.21082,-11.1369,-1.19082,-1.73126,1.24046,0.0372369,1.27307,-33.0742,1.83778,23.7891,3.40912,0.0557768,-0.0301054,
0.181841,0.0516206,0.203702,-1.95824,0.442519,0.0959643,0.0149228,0.0511615,-0.0125556,0.0497061,0.0105279,-0.610145,0.599085,0.00357852,4.52271,0.34628,4.31171,-0.975511,-83.0611,62.5285,0.873193,2.0807,1.221,1.62159,0.023627,-14.6539,11.8365,0.0765613,0.182088,0.0515128,0.20315,-1.95844,0.469697,0.082901,0.0146525,0.108955,-0.0225718,0.00743552,0.015207,-0.0135142,0.400855,0.000942861,0,0,0,0,0,0,0,1.27307,-33.0742,1.83778,23.7891,3.40912,0.0557768,-0.0301054,
0.184787,0.0509048,0.205822,-1.95818,0.441745,0.110272,0.0149974,0.0578573,-0.0132485,0.0563695,0.00873898,-0.719994,0.6801,0.00505069,4.18488,-0.433101,4.16459,-1.1181,-68.6556,50.6345,0.920108,2.81099,0.791374,2.46859,-0.0929954,-14.6539,11.8365,0.086784,0.182088,0.0515128,0.20315,-1.95844,0.469697,0.082901,0.0146525,0.108955,-0.0225718,0.00743552,0.015207,-0.0135142,0.400855,0.000942861,0,0,0,0,0,0,0,1.27307,-33.0742,1.83778,23.7891,3.40912,0.0557768,-0.0301054,
0.185435,0.0507948,0.206456,-1.9582,0.431726,0.118671,0.0150869,0.0625011,-0.0133502,0.0609359,0.00652776,-0.826467,0.754063,0.00627814,2.90238,-0.0635269,2.85402,-1.38201,-66.5457,46.2271,0.767155,3.45505,0.409808,3.17737,-0.201719,-14.6539,11.8365,0.0954393,0.182088,0.0515128,0.20315,-1.95844,0.469697,0.082901,0.0146525,0.108955,-0.0225718,0.00743552,0.015207,-0.0135142,0.400855,0.000942861,0,0,0,0,0,0,0,1.27307,-33.0742,1.83778,23.7891,3.40912,0.0557768,-0.0301054,
0.186055,0.0507011,0.207059,-1.95824,0.421204,0.127307,0.0151778,0.0654785,-0.0130228,0.0638233,0.00409137,-0.924224,0.819136,0.00729492,1.86085,0.204628,1.8046,-1.52274,-61.0982,40.6703,0.635488,3.99641,0.177048,3.75425,-0.433099,-14.6516,11.7546,0.102787,0.184396,0.0511653,0.205099,-1.9579,0.468653,0.097756,0.0146574,0.029176,0.0150989,0.0897232,0.0264782,-0.200711,0.541486,0.00184004,-9.97241,4.70883,10.286,1.40889,-23.3996,17.5789,0.112147,-0.908932,-33.3241,-0.16173,23.2892,0.819088,3.27843,-0.0703886,
0.187118,0.0508678,0.207836,-1.95786,0.43807,0.127131,0.0150565,0.0698709,-0.0129694,0.0682606,0.00222659,-0.98081,0.861966,0.00821329,2.74526,0.0333774,2.77332,-1.16549,-35.366,26.7687,0.573979,3.99641,0.177048,3.75425,-0.433099,-14.6516,11.7546,0.102787,0.184396,0.0511653,0.205099,-1.9579,0.468653,0.097756,0.0146574,0.029176,0.0150989,0.0897232,0.0264782,-0.200711,0.541486,0.00184004,0,0,0,0,0,0,0,-0.908932,-33.3241,-0.16173,23.2892,0.819088,3.27843,-0.0703886,
0.187796,0.0507694,0.208498,-1.95793,0.427775,0.135666,0.0151492,0.072831,-0.0128358,0.0711733,0.000144274,-1.04203,0.902943,0.00888659,1.85008,0.0834874,1.82047,-1.30144,-38.2624,25.6106,0.420816,4.46608,-0.10417,4.2432,-0.529569,-14.6516,11.7546,0.107291,0.184396,0.0511653,0.205099,-1.9579,0.468653,0.097756,0.0146574,0.029176,0.0150989,0.0897232,0.0264782,-0.200711,0.541486,0.00184004,0,0,0,0,0,0,0,-0.908932,-33.3241,-0.16173,23.2892,0.819088,3.27843,-0.0703886,
0.188448,0.050678,0.209134,-1.95801,0.417055,0.144369,0.015239,0.074577,-0.0125537,0.0728338,-0.00202381,-1.10162,0.939937,0.00935586,1.09124,0.176263,1.0378,-1.35505,-37.246,23.1211,0.293293,4.86552,-0.342103,4.65212,-0.619914,-14.6516,11.7546,0.109874,0.184396,0.0511653,0.205099,-1.9579,0.468653,0.097756,0.0146574,0.029176,0.0150989,0.0897232,0.0264782,-0.200711,0.541486,0.00184004,0,0,0,0,0,0,0,-0.908932,-33.3241,-0.16173,23.2892,0.819088,3.27843,-0.0703886,
0.189078,0.0505945,0.209746,-1.95812,0.406051,0.153175,0.0153265,0.0753973,-0.0121309,0.0735634,-0.00418194,-1.15639,0.972113,0.00967038,0.512682,0.264257,0.455973,-1.34884,-34.2295,20.1104,0.196574,5.1125,0.401745,4.88687,-1.65777,-14.7308,11.3822,0.116616,0.187521,0.0510372,0.209226,-1.95818,0.428536,0.139587,0.0146808,0.070258,-0.0138712,0.138366,-0.0205445,-1.18065,1.40491,0.00207117,5.13524,-3.62126,6.08039,-5.87783,-122.492,107.927,0.0288913,-1.49212,-31.7253,-1.23686,24.9356,0.727535,2.6751,-0.0227812,
0.191427,0.0504818,0.213038,-1.95838,0.363163,0.19734,0.0151852,0.0749491,-0.0122062,0.073184,-0.00586189,-1.20842,1.00664,0.00976264,-0.280146,-0.0470093,-0.237103,-1.04997,-32.5183,21.5808,0.0576636,5.6854,0.0811848,5.45727,-1.80128,-14.7308,11.3822,0.113484,0.187521,0.0510372,0.209226,-1.95818,0.428536,0.139587,0.0146808,0.070258,-0.0138712,0.138366,-0.0205445,-1.18065,1.40491,0.00207117,0,0,0,0,0,0,0,-1.49212,-31.7253,-1.23686,24.9356,0.727535,2.6751,-0.0227812,
0.192005,0.0503855,0.213604,-1.95851,0.351774,0.206408,0.0152642,0.0744048,-0.0121709,0.0727019,-0.00775643,-1.25146,1.03201,0.0097838,-0.340172,0.0220226,-0.301312,-1.18409,-26.9014,15.8522,0.0132273,5.94607,-0.0520912,5.71602,-1.86052,-14.7308,11.3822,0.110831,0.187521,0.0510372,0.209226,-1.95818,0.428536,0.139587,0.0146808,0.070258,-0.0138712,0.138366,-0.0205445,-1.18065,1.40491,0.00207117,0,0,0,0,0,0,0,-1.49212,-31.7253,-1.23686,24.9356,0.727535,2.6751,-0.0227812,
0.19258,0.0502944,0.214167,-1.95865,0.340352,0.2154,0.0153406,0.073885,-0.0120162,0.072231,-0.0097324,-1.28672,1.0504,0.00973742,-0.324852,0.096706,-0.294336,-1.23498,-22.0354,11.4949,-0.0289883,6.18762,-0.177866,5.97715,-1.91206,-14.7308,11.3822,0.109195,0.187521,0.0510372,0.209226,-1.95818,0.428536,0.139587,0.0146808,0.070258,-0.0138712,0.138366,-0.0205445,-1.18065,1.40491,0.00207117,0,0,0,0,0,0,0,-1.49212,-31.7253,-1.23686,24.9356,0.727535,2.6751,-0.0227812,
0.193143,0.0502095,0.214716,-1.95882,0.329172,0.22433,0.0154111,0.0731897,-0.0117335,0.0715062,-0.0120884,-1.30887,1.06358,0.00955237,-0.434572,0.176664,-0.453008,-1.4725,-13.8446,8.23786,-0.115656,6.23042,0.152905,6.04922,-2.41573,-14.633,11.0207,0.109998,0.19238,0.0511691,0.213205,-1.95896,0.376744,0.190251,0.0147722,0.198364,0.0232255,0.0767367,-0.0198176,-1.42382,1.52004,0.00604698,16.0133,4.6371,-7.7037,0.0908545,-30.397,14.3918,0.496976,-1.84521,-36.0695,-1.21306,26.0068,-0.0900305,3.72246,0.0641939,
0.196823,0.0511141,0.217498,-1.95975,0.311067,0.248392,0.0151744,0.0734931,-0.0107949,0.0716391,-0.0147722,-1.29882,1.07523,0.00918484,0.189617,0.58661,0.0830783,-1.67739,6.28032,7.28038,-0.229709,6.62832,-0.103095,6.46489,-2.56529,-14.633,11.0207,0.105051,0.19238,0.0511691,0.213205,-1.95896,0.376744,0.190251,0.0147722,0.198364,0.0232255,0.0767367,-0.0198176,-1.42382,1.52004,0.00604698,0,0,0,0,0,0,0,-1.84521,-36.0695,-1.21306,26.0068,-0.0900305,3.72246,0.0641939,
0.197392,0.0510665,0.218046,-1.95998,0.301582,0.257256,0.0152341,0.0730045,-0.00982482,0.0710245,-0.0174067,-1.27617,1.08177,0.00884185,-0.305402,0.606332,-0.384101,-1.64652,14.1548,4.0905,-0.214367,6.80526,-0.189711,6.64031,-2.64405,-14.633,11.0207,0.101897,0.19238,0.0511691,0.213205,-1.95896,0.376744,0.190251,0.0147722,0.198364,0.0232255,0.0767367,-0.0198176,-1.42382,1.52004,0.00604698,0,0,0,0,0,0,0,-1.84521,-36.0695,-1.21306,26.0068,-0.0900305,3.72246,0.0641939,
0.197939,0.0510308,0.218574,-1.96022,0.292694,0.266036,0.0152924,0.0720774,-0.00875369,0.0700135,-0.0198548,-1.24316,1.08493,0.00853092,-0.579441,0.669458,-0.631862,-1.53007,20.6331,1.97157,-0.194333,6.96743,-0.23954,6.7979,-2.71945,-14.633,11.0207,0.0982975,0.19238,0.0511691,0.213205,-1.95896,0.376744,0.190251,0.0147722,0.198364,0.0232255,0.0767367,-0.0198176,-1.42382,1.52004,0.00604698,0,0,0,0,0,0,0,-1.84521,-36.0695,-1.21306,26.0068,-0.0900305,3.72246,0.0641939,
0.19847,0.051008,0.219087,-1.96046,0.284398,0.274752,0.015349,0.0709428,-0.00757175,0.0688392,-0.0220543,-1.20192,1.08584,0.0082401,-0.709123,0.738712,-0.733978,-1.37472,25.7725,0.569026,-0.181759,7.11655,-0.252498,6.94073,-2.79097,-13.7705,11.0207,0.0944181,0.19238,0.0511691,0.213205,-1.95896,0.376744,0.190251,0.0147722,0.198364,0.0232255,0.0767367,-0.0198176,-1.42382,1.52004,0.00604698,0,0,0,0,0,0,0,-1.84521,-36.0695,-1.21306,26.0068,-0.0900305,3.72246,0.0641939,
0.206647,0.0514355,0.226746,-1.96066,0.271682,0.295734,0.0147026,0.0688189,-0.00615242,0.066796,-0.0195473,-0.98329,0.882698,0.00646505,-1.32741,0.887081,-1.277,1.56691,136.646,-126.962,-1.10941,7.03188,2.27911,6.74393,-3.77449,-3.81392,3.60656,0.0332252,0.197799,0.0513684,0.218361,-1.96006,0.317228,0.245977,0.0148946,0.11633,0.00310682,0.185179,-0.0518642,-1.83653,1.7262,0.00270997,-10.2543,-2.51484,13.5553,-4.00583,-51.5879,25.7705,-0.417126,-1.08349,-35.1967,-0.411669,26.3281,-0.102848,3.43133,0.0376436,
0.207123,0.0514323,0.227208,-1.96074,0.270818,0.296238,0.0146975,0.0669471,-0.00500243,0.06499,-0.0175522,-0.808231,0.718778,0.00504283,-1.16991,0.718744,-1.12871,1.24692,109.412,-102.45,-0.888888,7.07618,2.36655,6.77987,-3.70561,-3.29635,3.08579,0.0255046,0.197799,0.0513684,0.218361,-1.96006,0.317228,0.245977,0.0148946,0.11633,0.00310682,0.185179,-0.0518642,-1.83653,1.7262,0.00270997,0,0,0,0,0,0,0,-1.08349,-35.1967,-0.411669,26.3281,-0.102848,3.43133,0.0376436,
0.207591,0.0514293,0.227663,-1.96081,0.269959,0.296693,0.0146923,0.06526,-0.00407584,0.0633574,-0.0159569,-0.668072,0.586384,0.00390395,-1.05439,0.57912,-1.02038,0.997066,87.5994,-82.746,-0.711797,7.14339,2.43099,6.83906,-3.60358,-2.80934,2.63374,0.0168927,0.197799,0.0513684,0.218361,-1.96006,0.317228,0.245977,0.0148946,0.11633,0.00310682,0.185179,-0.0518642,-1.83653,1.7262,0.00270997,0,0,0,0,0,0,0,-1.08349,-35.1967,-0.411669,26.3281,-0.102848,3.43133,0.0376436,
0.198583,0.0514773,0.219057,-1.96011,0.307099,0.255819,0.0148415,0.0718226,-0.000536285,0.0680791,-0.0139232,-0.787679,0.715163,0.00179557,4.10163,2.21222,2.95104,1.27107,-74.7547,80.4866,-1.31774,7.03188,2.27911,6.74393,-3.77449,-3.81392,3.60656,0.0332252,0.197799,0.0513684,0.218361,-1.96006,0.317228,0.245977,0.0148946,0.11633,0.00310682,0.185179,-0.0518642,-1.83653,1.7262,0.00270997,0,0,0,0,0,0,0,-1.08349,-35.1967,-0.411669,26.3281,-0.102848,3.43133,0.0376436,
0.199111,0.0515659,0.219521,-1.96007,0.299982,0.263205,0.0148047,0.070646,0.00178417,0.0660636,-0.010273,-0.808086,0.756783,0.00051756,-0.735368,1.45028,-1.25969,2.28139,-12.7542,26.0124,-0.798754,6.76269,2.66303,6.46326,-3.9231,-3.12082,2.7425,0.0275814,0.20329,0.0519225,0.223784,-1.96217,0.253759,0.305947,0.0149547,0.0523753,0.0414678,0.278474,-0.071211,-1.84935,1.80569,-0.00118283,-7.99428,4.79512,11.6619,-2.41834,-1.60337,9.93574,-0.4866,0.134464,-37.3906,0.762648,27.5024,1.02691,2.20452,0.110886,
0.199512,0.0516268,0.219877,-1.96003,0.294863,0.268939,0.0147796,0.0665332,0.00295039,0.0617547,-0.00707181,-0.774442,0.748769,-0.000215583,-2.57051,0.728888,-2.69303,2.00071,21.0272,-5.00879,-0.458215,6.8299,2.72747,6.52245,-3.82107,-2.6338,2.29046,0.0189695,0.20329,0.0519225,0.223784,-1.96217,0.253759,0.305947,0.0149547,0.0523753,0.0414678,0.278474,-0.071211,-1.84935,1.80569,-0.00118283,0,0,0,0,0,0,0,0.134464,-37.3906,0.762648,27.5024,1.02691,2.20452,0.110886,
0.199862,0.0516696,0.220194,-1.95999,0.291091,0.273501,0.0147598,0.0619947,0.00342997,0.0573325,-0.00465436,-0.713832,0.713072,-0.00066585,-2.83657,0.299736,-2.76389,1.51091,37.8816,-22.3106,-0.281416,6.91692,2.75063,6.60302,-3.68046,-2.22347,1.90192,0.0105583,0.20329,0.0519225,0.223784,-1.96217,0.253759,0.305947,0.0149547,0.0523753,0.0414678,0.278474,-0.071211,-1.84935,1.80569,-0.00118283,0,0,0,0,0,0,0,0.134464,-37.3906,0.762648,27.5024,1.02691,2.20452,0.110886,
0.21518,0.0513035,0.235002,-1.96203,0.253108,0.301363,0.0145916,0.0559916,0.00247352,0.0520114,-0.00454109,-0.588318,0.574417,-0.000639139,-3.75194,-0.597776,-3.32571,0.0707948,78.4464,-86.6594,0.0166942,1.90095,1.69487,1.76307,-1.99568,-1.50409,-0.170417,0.00618465,0.20329,0.0519225,0.223784,-1.96217,0.253759,0.305947,0.0149547,0.0523753,0.0414678,0.278474,-0.071211,-1.84935,1.80569,-0.00118283,0,0,0,0,0,0,0,0.134464,-37.3906,0.762648,27.5024,1.02691,2.20452,0.110886,
0.20568,0.0514622,0.22514,-1.95959,0.293483,0.309105,0.0143288,0.0451408,0.00133994,0.0410969,-0.00277606,-0.411235,0.437816,-0.000836824,-6.78177,-0.708491,-6.82152,1.10315,110.676,-85.3755,-0.123553,2.44228,0.453514,2.33186,-0.724735,-0.800793,-0.0779909,-0.00104,0.208223,0.05274,0.228346,-1.96374,0.214866,0.351612,0.0149536,-0.0128616,-0.00469471,0.223048,-0.021895,-0.694419,0.799554,0.00461259,-8.15461,-5.77031,-6.92827,6.16449,144.367,-125.767,0.724428,2.87189,-33.6217,4.31337,22.345,5.22918,-2.05909,-0.0566557,
0.205694,0.0514363,0.22512,-1.95955,0.295854,0.308241,0.0143158,0.0364584,0.000424105,0.0323634,-0.00135973,-0.269726,0.328659,-0.000995369,-5.4265,-0.572396,-5.45846,0.885207,88.4433,-68.2229,-0.0990906,2.31505,0.446928,2.20801,-0.683433,-0.754803,-0.0817752,-0.000970793,0.208223,0.05274,0.228346,-1.96374,0.214866,0.351612,0.0149536,-0.0128616,-0.00469471,0.223048,-0.021895,-0.694419,0.799554,0.00461259,0,0,0,0,0,0,0,2.87189,-33.6217,4.31337,22.345,5.22918,-2.05909,-0.0566557,
0.205707,0.05141,0.225099,-1.95952,0.298218,0.307382,0.0143027,0.0295111,-0.000317433,0.025375,-0.000222517,-0.156674,0.241457,-0.0011226,-4.34205,-0.463462,-4.36777,0.710756,70.6575,-54.5015,-0.0795209,2.18982,0.440722,2.08627,-0.642191,-0.699691,-0.088388,-0.000915945,0.208223,0.05274,0.228346,-1.96374,0.214866,0.351612,0.0149536,-0.0128616,-0.00469471,0.223048,-0.021895,-0.694419,0.799554,0.00461259,0,0,0,0,0,0,0,2.87189,-33.6217,4.31337,22.345,5.22918,-2.05909,-0.0566557,
0.209564,0.051908,0.229445,-1.9621,0.230666,0.354685,0.0147333,0.0237367,-0.00117605,0.0195912,0.000997408,-0.0540743,0.166572,-0.00121754,-3.60903,-0.536637,-3.61485,0.762453,64.1249,-46.803,-0.0593335,1.21129,0.412267,1.15647,-0.270917,0.588994,-0.442855,-0.0012171,0.208223,0.05274,0.228346,-1.96374,0.214866,0.351612,0.0149536,-0.0128616,-0.00469471,0.223048,-0.021895,-0.694419,0.799554,0.00461259,0,0,0,0,0,0,0,2.87189,-33.6217,4.31337,22.345,5.22918,-2.05909,-0.0566557,
0.209577,0.0518756,0.229425,-1.96206,0.233389,0.353635,0.0147232,0.0193005,-0.00175165,0.0151645,0.00189301,0.0248207,0.107012,-0.00122583,-2.77257,-0.359747,-2.76667,0.559752,49.3094,-37.2252,-0.00518641,1.13699,0.484499,1.0775,-0.266407,0.98332,-0.667692,-0.000931682,0.21149,0.0544793,0.232037,-1.96507,0.188456,0.380301,0.0149209,-0.00916534,0.0717826,0.162881,-0.0174294,-0.695819,0.734454,7.40291e-05,0.462036,9.55967,-7.52084,0.5582,-0.174966,-8.13747,-0.56732,3.47889,-37.5176,4.11104,24.7372,5.07629,-2.09846,0.017502,
0.209593,0.0518461,0.229408,-1.96202,0.236036,0.352594,0.0147122,0.0158449,-0.00213851,0.0116986,0.00250413,0.0860465,0.0595923,-0.00125582,-2.15978,-0.241791,-2.16621,0.381952,38.2661,-29.6372,-0.0187418,1.04756,0.482757,1.0016,-0.222663,1.28762,-0.783468,-0.00116166,0.21149,0.0544793,0.232037,-1.96507,0.188456,0.380301,0.0149209,-0.00916534,0.0717826,0.162881,-0.0174294,-0.695819,0.734454,7.40291e-05,0,0,0,0,0,0,0,3.47889,-37.5176,4.11104,24.7372,5.07629,-2.09846,0.017502,
0.20961,0.051819,0.229391,-1.96198,0.238637,0.351559,0.0147006,0.0131156,-0.00238776,0.00895072,0.00290698,0.133854,0.021797,-0.0012945,-1.7058,-0.155778,-1.71743,0.251778,29.8796,-23.6221,-0.0241718,0.955177,0.478467,0.926401,-0.178118,1.61227,-0.918302,-0.00129521,0.21149,0.0544793,0.232037,-1.96507,0.188456,0.380301,0.0149209,-0.00916534,0.0717826,0.162881,-0.0174294,-0.695819,0.734454,7.40291e-05,0,0,0,0,0,0,0,3.47889,-37.5176,4.11104,24.7372,5.07629,-2.09846,0.017502,
0.212006,0.0552563,0.232461,-1.9647,0.186732,0.386779,0.0147645,0.0106151,-0.000359579,0.00695639,0.0050138,0.136132,0.0237936,-0.00138202,-1.5628,1.26761,-1.24646,1.31677,1.42395,1.24785,-0.0547035,0.955202,0.478427,0.926419,-0.178129,1.61039,-0.91779,-0.00129462,0.21149,0.0544793,0.232037,-1.96507,0.188456,0.380301,0.0149209,-0.00916534,0.0717826,0.162881,-0.0174294,-0.695819,0.734454,7.40291e-05,0,0,0,0,0,0,0,3.47889,-37.5176,4.11104,24.7372,5.07629,-2.09846,0.017502,
0.211989,0.0552816,0.232422,-1.96461,0.188473,0.386555,0.0147574,0.00808357,0.000345817,0.00460267,0.00646481,0.152439,0.0134351,-0.00128498,-1.58223,0.440873,-1.47108,0.906877,10.1918,-6.47402,0.0606503,1.04439,0.291458,1.03316,0.0473601,2.08123,-1.0734,-0.00205824,0.212169,0.0553042,0.232944,-1.96426,0.181507,0.392229,0.014868,0.00192393,0.00874491,0.0231752,0.0590893,0.0366288,0.0796016,-0.00137202,1.38616,-7.87971,-17.4633,9.56484,91.556,-81.8566,-0.180756,3.58203,-34.6452,3.63893,21.3968,1.56433,1.4547,0.017502,
0.211961,0.0552864,0.232365,-1.96452,0.190689,0.385976,0.0147513,0.00574769,0.000396541,0.00224788,0.00736106,0.17735,-0.0037144,-0.00118026,-1.45993,0.0317022,-1.47175,0.560157,15.569,-10.7185,0.0654534,0.933182,0.277206,0.929197,0.0869806,2.43369,-1.24541,0.000169791,0.212169,0.0553042,0.232944,-1.96426,0.181507,0.392229,0.014868,0.00192393,0.00874491,0.0231752,0.0590893,0.0366288,0.0796016,-0.00137202,0,0,0,0,0,0,0,3.58203,-34.6452,3.63893,21.3968,1.56433,1.4547,0.017502,
0.211885,0.0552685,0.232236,-1.96438,0.196028,0.384145,0.0147367,0.00362327,8.02355e-06,0.000116159,0.00748791,0.212483,-0.0280646,-0.00116642,-1.32776,-0.242823,-1.33232,0.0792838,21.9587,-15.2189,0.00865066,0.824742,0.258516,0.769527,0.115348,2.81768,-1.42454,0.00427151,0.212169,0.0553042,0.232944,-1.96426,0.181507,0.392229,0.014868,0.00192393,0.00874491,0.0231752,0.0590893,0.0366288,0.0796016,-0.00137202,0,0,0,0,0,0,0,3.58203,-34.6452,3.63893,21.3968,1.56433,1.4547,0.017502,
0.212244,0.0551167,0.232986,-1.96371,0.186158,0.392046,0.0148363,0.00308344,-0.00179339,-0.000210857,0.0094619,0.220067,-0.0327925,-0.00103566,-0.337392,-1.12589,-0.204385,1.23375,4.73978,-2.95492,0.0817231,0.933659,0.276765,0.929593,0.0866883,2.41676,-1.24222,0.000174492,0.212169,0.0553042,0.232944,-1.96426,0.181507,0.392229,0.014868,0.00192393,0.00874491,0.0231752,0.0590893,0.0366288,0.0796016,-0.00137202,0,0,0,0,0,0,0,3.58203,-34.6452,3.63893,21.3968,1.56433,1.4547,0.017502,
0.21224,0.0550505,0.232956,-1.96359,0.188543,0.391357,0.0148319,0.00238788,-0.00309052,-0.000927178,0.0104956,0.235667,-0.0434497,-0.000939619,-0.434728,-0.810701,-0.447701,0.646062,9.75007,-6.66072,0.0600242,0.825231,0.235629,0.778109,0.0932411,2.77316,-1.4244,0.00436224,0.213177,0.0541089,0.233095,-1.96331,0.190787,0.391868,0.0148724,0.0272184,-0.0850357,-0.0137931,0.00053639,0.216617,-0.0415335,0.00100161,3.16181,-11.7226,-4.62104,-7.31911,22.4986,-15.1419,0.296703,0.0828892,-30.4042,0.639662,23.9636,0.54443,2.58263,-0.050247,
0.212226,0.0549931,0.232917,-1.96349,0.191244,0.390452,0.0148268,0.00154544,-0.00390593,-0.00171532,0.0109102,0.256068,-0.0574055,-0.000879028,-0.526525,-0.509633,-0.492586,0.259138,12.7507,-8.72239,0.0378694,0.740069,0.212644,0.537089,0.107111,3.20283,-1.5948,0.00649187,0.213177,0.0541089,0.233095,-1.96331,0.190787,0.391868,0.0148724,0.0272184,-0.0850357,-0.0137931,0.00053639,0.216617,-0.0415335,0.00100161,0,0,0,0,0,0,0,0.0828892,-30.4042,0.639662,23.9636,0.54443,2.58263,-0.050247,
0.2133,0.0528,0.233075,-1.96252,0.203845,0.387403,0.014821,0.0018013,-0.00668468,-0.00162909,0.0116023,0.271604,-0.0701338,-0.000958316,0.159915,-1.73672,0.0538889,0.432552,9.70963,-7.95519,-0.0495548,0.426438,0.193927,0.151804,0.166928,3.77004,-1.81472,0.00158655,0.213177,0.0541089,0.233095,-1.96331,0.190787,0.391868,0.0148724,0.0272184,-0.0850357,-0.0137931,0.00053639,0.216617,-0.0415335,0.00100161,0,0,0,0,0,0,0,0.0828892,-30.4042,0.639662,23.9636,0.54443,2.58263,-0.050247,
0.213324,0.0526872,0.233065,-1.96243,0.20645,0.386418,0.0148101,0.00203873,-0.00816838,-0.00154544,0.0116763,0.282429,-0.0807347,-0.00103859,0.148396,-0.927314,0.0522862,0.046218,6.7656,-6.62556,-0.0501726,0.292318,0.0905645,-0.0390888,0.156913,3.86335,-1.78564,-0.00548281,0.213177,0.0541089,0.233095,-1.96331,0.190787,0.391868,0.0148724,0.0272184,-0.0850357,-0.0137931,0.00053639,0.216617,-0.0415335,0.00100161,0,0,0,0,0,0,0,0.0828892,-30.4042,0.639662,23.9636,0.54443,2.58263,-0.050247,
0.213347,0.0525969,0.233054,-1.96235,0.209014,0.385413,0.0147988,0.00222016,-0.00879127,-0.00149828,0.0113409,0.290031,-0.0896952,-0.00111334,0.113392,-0.3893,0.0294749,-0.209613,4.75134,-5.6003,-0.0467143,0.157292,0.0332204,-0.114691,0.187975,3.50961,-1.5659,-0.00745929,0.213207,0.0532076,0.233693,-1.9625,0.199976,0.389736,0.0148711,0.0124664,0.0323277,0.0390228,0.0539814,0.272644,-0.0580476,-0.000445564,-1.844,14.6704,6.60199,6.68063,7.00327,-2.06426,-0.180896,-0.551876,-32.5743,0.0128308,22.5433,1.18621,1.69366,-0.00996382,
0.21337,0.0525242,0.233043,-1.96228,0.211548,0.38439,0.0147873,0.00233899,-0.00885244,-0.00149391,0.0107547,0.29537,-0.0973342,-0.00117845,0.0742676,-0.0382332,0.00272957,-0.366381,3.33701,-4.77441,-0.0406956,0.170662,-0.0144955,-0.270726,0.182205,3.46153,-1.54779,-0.0157267,0.213207,0.0532076,0.233693,-1.9625,0.199976,0.389736,0.0148711,0.0124664,0.0323277,0.0390228,0.0539814,0.272644,-0.0580476,-0.000445564,0,0,0,0,0,0,0,-0.551876,-32.5743,0.0128308,22.5433,1.18621,1.69366,-0.00996382,
0.213719,0.0532582,0.234059,-1.96211,0.207791,0.386927,0.0148162,0.00425018,-0.00768063,0.000265156,0.0100037,0.28037,-0.0993963,-0.00123561,1.19449,0.732381,1.09942,-0.469327,-9.37481,-1.28882,-0.0357272,0.247871,-0.012024,-0.196347,0.144961,2.27803,-1.43671,-0.015336,0.213207,0.0532076,0.233693,-1.9625,0.199976,0.389736,0.0148711,0.0124664,0.0323277,0.0390228,0.0539814,0.272644,-0.0580476,-0.000445564,0,0,0,0,0,0,0,-0.551876,-32.5743,0.0128308,22.5433,1.18621,1.69366,-0.00996382,
0.213799,0.0532303,0.234102,-1.96207,0.209487,0.38601,0.0148045,0.00539838,-0.00684139,0.00129545,0.0091662,0.266696,-0.102425,-0.00128258,0.717623,0.524522,0.643936,-0.523463,-8.54675,-1.8931,-0.029358,0.225637,-0.0298474,-0.220477,0.157571,1.91833,-1.33593,-0.0141256,0.213207,0.0532076,0.233693,-1.9625,0.199976,0.389736,0.0148711,0.0124664,0.0323277,0.0390228,0.0539814,0.272644,-0.0580476,-0.000445564,0,0,0,0,0,0,0,-0.551876,-32.5743,0.0128308,22.5433,1.18621,1.69366,-0.00996382,
0.213867,0.0532021,0.234133,-1.96203,0.211135,0.385059,0.0147927,0.00600993,-0.00617854,0.00181637,0.00831788,0.254561,-0.105728,-0.00132001,0.382225,0.414284,0.325574,-0.530203,-7.58397,-2.06405,-0.0233903,0.216294,-0.0299642,-0.229284,0.121876,1.87294,-1.32628,-0.0140559,0.213936,0.0527909,0.234116,-1.96187,0.21256,0.386756,0.0148636,0.00595145,-0.0331772,-0.0129266,0.0161231,0.432992,-0.149154,-0.0023554,-0.814368,-8.18811,-6.49368,-4.73229,20.0435,-11.3883,-0.238729,0.0313145,-33.2964,0.588087,24.0152,1.25946,1.60119,0.0577852,
0.213924,0.0531753,0.234155,-1.96199,0.212748,0.384086,0.014781,0.00625243,-0.00561246,0.00198958,0.00750055,0.243979,-0.108912,-0.0013491,0.151556,0.353799,0.108255,-0.510831,-6.61411,-1.98999,-0.0181821,0.214643,-0.0325341,-0.230687,0.122332,1.87324,-1.32152,-0.01406,0.213936,0.0527909,0.234116,-1.96187,0.21256,0.386756,0.0148636,0.00595145,-0.0331772,-0.0129266,0.0161231,0.432992,-0.149154,-0.0023554,0,0,0,0,0,0,0,0.0313145,-33.2964,0.588087,24.0152,1.25946,1.60119,0.0577852,
0.214169,0.0524449,0.23432,-1.96154,0.214776,0.384439,0.014898,0.00854857,-0.00842032,0.00468641,0.00983951,0.210281,-0.115443,-0.000857819,1.43509,-1.75491,1.68552,1.46185,-21.0613,-4.08176,0.307051,1.16802,0.058025,0.770289,-0.304391,-1.1447,-1.66701,-0.0116782,0.213936,0.0527909,0.234116,-1.96187,0.21256,0.386756,0.0148636,0.00595145,-0.0331772,-0.0129266,0.0161231,0.432992,-0.149154,-0.0023554,0,0,0,0,0,0,0,0.0313145,-33.2964,0.588087,24.0152,1.25946,1.60119,0.0577852,
0.21433,0.0523117,0.234458,-1.96142,0.214812,0.383338,0.0148973,0.0108437,-0.0100668,0.00719454,0.0107654,0.169113,-0.119871,-0.00070281,1.43448,-1.02907,1.56758,0.578662,-25.7295,-2.76797,0.0968806,1.17456,0.095881,0.797115,-0.283218,-1.1165,-1.62404,-0.0123103,0.213936,0.0527909,0.234116,-1.96187,0.21256,0.386756,0.0148636,0.00595145,-0.0331772,-0.0129266,0.0161231,0.432992,-0.149154,-0.0023554,0,0,0,0,0,0,0,0.0313145,-33.2964,0.588087,24.0152,1.25946,1.60119,0.0577852,
0.214492,0.0522002,0.234596,-1.96134,0.21452,0.382252,0.0148917,0.0127431,-0.010841,0.00921655,0.0107382,0.127994,-0.123053,-0.000702183,1.18712,-0.483852,1.26376,-0.0169935,-25.6996,-1.98885,0.000391843,1.18736,0.114067,0.825705,-0.266387,-1.098,-1.58361,-0.0125669,0.213936,0.0527909,0.234116,-1.96187,0.21256,0.386756,0.0148636,0.00595145,-0.0331772,-0.0129266,0.0161231,0.432992,-0.149154,-0.0023554,0,0,0,0,0,0,0,0.0313145,-33.2964,0.588087,24.0152,1.25946,1.60119,0.0577852,
0.214077,0.0530296,0.234213,-1.96145,0.225839,0.382655,0.0148757,0.0125366,0.00311333,0.00962337,-0.00225593,0.1277,-0.09696,-0.000299545,-0.129071,8.72146,0.254258,-8.12132,-0.183967,16.3084,0.251649,-0.00355414,30.6519,-0.465862,-22.7508,-1.62994,-1.77094,-0.00121443,0.213983,0.0525581,0.234123,-1.96101,0.224827,0.382596,0.0148652,0.00892038,3.09573e-05,-0.0023319,0.0263924,0.252293,-0.0975974,-0.000911555,0.371117,4.15102,1.32434,1.28366,-22.5874,6.44455,0.18048,-0.0202602,-33.7962,0.413527,22.6425,1.27777,1.20934,0.0303194,
0.214394,0.0535615,0.234569,-1.9615,0.223244,0.382018,0.0150069,0.0179732,0.0157898,0.016598,-0.00325257,0.0372831,-0.0934973,0.00303935,3.39789,7.92278,4.35912,-0.622902,-56.5103,2.16418,2.08681,6.08292,5.75048,6.05887,-2.97559,-8.92488,-1.89559,0.0771081,0.213983,0.0525581,0.234123,-1.96101,0.224827,0.382596,0.0148652,0.00892038,3.09573e-05,-0.0023319,0.0263924,0.252293,-0.0975974,-0.000911555,0,0,0,0,0,0,0,-0.0202602,-33.7962,0.413527,22.6425,1.27777,1.20934,0.0303194,
0.214803,0.0540266,0.235013,-1.96156,0.219058,0.381124,0.0150832,0.0246063,0.0242593,0.0243647,-0.00409487,-0.0748258,-0.0971501,0.00433968,4.14565,5.29347,4.85424,-0.526433,-70.0681,-2.28301,0.812706,5.46517,5.181,5.67904,-2.9206,-7.98673,-1.93952,0.0560015,0.213983,0.0525581,0.234123,-1.96101,0.224827,0.382596,0.0148652,0.00892038,3.09573e-05,-0.0023319,0.0263924,0.252293,-0.0975974,-0.000911555,0,0,0,0,0,0,0,-0.0202602,-33.7962,0.413527,22.6425,1.27777,1.20934,0.0303194,
0.215239,0.0544257,0.235482,-1.96168,0.214191,0.380079,0.0151342,0.0305673,0.0293831,0.03123,-0.00619559,-0.181538,-0.103843,0.00474567,3.72565,3.20239,4.29077,-1.31295,-66.695,-4.18281,0.253748,5.16326,4.56265,5.51689,-2.91137,-7.39339,-1.89542,0.0491584,0.213983,0.0525581,0.234123,-1.96101,0.224827,0.382596,0.0148652,0.00892038,3.09573e-05,-0.0023319,0.0263924,0.252293,-0.0975974,-0.000911555,0,0,0,0,0,0,0,-0.0202602,-33.7962,0.413527,22.6425,1.27777,1.20934,0.0303194,
0.214242,0.052359,0.234427,-1.96099,0.229511,0.377967,0.0148681,0.0280067,0.0324242,0.0282481,-0.0173426,-0.146227,-0.0897998,0.00370324,-1.6004,1.90065,-1.86368,-6.96688,22.0691,8.77672,-0.651521,0.00171138,30.6098,-0.456444,-22.7282,-1.64226,-1.74744,-0.00132296,0.2141,0.0520023,0.234296,-1.96049,0.22955,0.378236,0.0148718,0.0161975,-0.0246634,0.0143579,0.0142892,0.0218762,-0.152623,0.000364252,0.909645,-3.0868,2.08623,-1.5129,-28.802,-6.87818,0.159476,0.285221,-32.2252,0.639662,23.7653,1.08825,1.31554,-0.0163725,
0.214734,0.0525641,0.23491,-1.96134,0.224713,0.377296,0.0150724,0.0346825,0.0310668,0.0346884,-0.022762,-0.23692,-0.0886127,0.00806989,4.17238,-0.848387,4.02522,-3.38712,-56.6832,0.741969,2.72915,10.348,-1.38096,9.53743,-7.66876,-13.6423,-1.91738,0.144864,0.2141,0.0520023,0.234296,-1.96049,0.22955,0.378236,0.0148718,0.0161975,-0.0246634,0.0143579,0.0142892,0.0218762,-0.152623,0.000364252,0,0,0,0,0,0,0,0.285221,-32.2252,0.639662,23.7653,1.08825,1.31554,-0.0163725,
0.215364,0.0526277,0.235521,-1.96175,0.217844,0.376421,0.0151887,0.0434981,0.0264432,0.0430272,-0.0285418,-0.361269,-0.0927596,0.00936472,5.50974,-2.88973,5.21174,-3.61235,-77.7177,-2.59182,0.80927,9.04663,-1.27619,8.50993,-7.43971,-12.1378,-1.9086,0.092584,0.2141,0.0520023,0.234296,-1.96049,0.22955,0.378236,0.0148718,0.0161975,-0.0246634,0.0143579,0.0142892,0.0218762,-0.152623,0.000364252,0,0,0,0,0,0,0,0.285221,-32.2252,0.639662,23.7653,1.08825,1.31554,-0.0163725,
0.216033,0.052605,0.236164,-1.96224,0.210301,0.375428,0.0152591,0.0515253,0.0205872,0.050489,-0.035022,-0.477571,-0.0990428,0.00925022,5.01702,-3.66001,4.6636,-4.05015,-72.6892,-3.92702,-0.0715614,8.45892,-1.27697,8.04173,-7.24642,-10.7072,-1.72411,0.0722526,0.2141,0.0520023,0.234296,-1.96049,0.22955,0.378236,0.0148718,0.0161975,-0.0246634,0.0143579,0.0142892,0.0218762,-0.152623,0.000364252,0,0,0,0,0,0,0,0.285221,-32.2252,0.639662,23.7653,1.08825,1.31554,-0.0163725,
0.214242,0.052359,0.234427,-1.96099,0.229511,0.377967,0.0148681,0.0447731,0.0253874,0.0436553,-0.0404037,-0.383054,-0.08596,0.00730688,-4.22015,3.00014,-4.27105,-3.36358,59.0733,8.17675,-1.21459,0.0790403,30.6621,-0.384669,-22.7833,-1.60236,-1.77902,-0.00189219,0.215005,0.0524446,0.235541,-1.9605,0.219347,0.374231,0.0148806,0.0592512,0.00218978,0.0409448,-0.00418172,-0.607466,-0.120787,-0.000481244,5.3817,3.35665,3.32336,-2.30887,-78.6678,3.97951,-0.105687,2.92347,-29.7298,3.0359,22.6663,0.575558,1.23589,0.0440523,
0.214735,0.0524599,0.234902,-1.96157,0.224777,0.377453,0.0150886,0.0481294,0.0228318,0.0468123,-0.0468159,-0.424781,-0.0816234,0.0113569,2.09769,-1.59723,1.97314,-4.00758,-26.0791,2.71039,2.53128,10.6835,-2.59062,9.7293,-12.0253,-13.6024,-2.0544,0.169626,0.215005,0.0524446,0.235541,-1.9605,0.219347,0.374231,0.0148806,0.0592512,0.00218978,0.0409448,-0.00418172,-0.607466,-0.120787,-0.000481244,0,0,0,0,0,0,0,2.92347,-29.7298,3.0359,22.6663,0.575558,1.23589,0.0440523,
0.215385,0.0524602,0.235544,-1.96218,0.21745,0.376749,0.0152168,0.0547574,0.018273,0.0535009,-0.0529492,-0.523006,-0.0828969,0.0122922,4.14251,-2.8493,4.18036,-3.83336,-61.3905,-0.795951,0.58457,9.19659,-0.730474,8.71329,-11.0836,-13.6024,-1.78161,0.0942609,0.215005,0.0524446,0.235541,-1.9605,0.219347,0.374231,0.0148806,0.0592512,0.00218978,0.0409448,-0.00418172,-0.607466,-0.120787,-0.000481244,0,0,0,0,0,0,0,2.92347,-29.7298,3.0359,22.6663,0.575558,1.23589,0.0440523,
0.215558,0.0520088,0.235763,-1.96298,0.213236,0.377871,0.0154012,0.0604315,0.011919,0.0589781,-0.0645237,-0.619236,-0.076619,0.0126937,3.54634,-3.9712,3.42326,-7.23406,-60.1438,3.92368,0.250947,10.2479,-3.61273,9.52083,-15.9536,-13.6024,-1.91779,0.183206,0.215005,0.0524446,0.235541,-1.9605,0.219347,0.374231,0.0148806,0.0592512,0.00218978,0.0409448,-0.00418172,-0.607466,-0.120787,-0.000481244,0,0,0,0,0,0,0,2.92347,-29.7298,3.0359,22.6663,0.575558,1.23589,0.0440523,
0.217017,0.0515719,0.237494,-1.96287,0.193809,0.372684,0.0152304,0.0665125,0.00337671,0.0649749,-0.073326,-0.734183,-0.0739008,0.0118412,3.8006,-5.33896,3.74798,-5.50139,-71.842,1.69888,-0.532836,9.08381,-0.603381,8.5462,-14.6662,-13.5262,-1.63149,0.0886913,0.217044,0.0528016,0.237555,-1.96315,0.204046,0.370683,0.0149427,0.123982,0.00130161,0.0587317,-0.0722126,-1.25997,-0.175562,-0.00101503,8.09129,-0.111022,2.22337,-8.50386,-81.5636,-6.84693,-0.0667233,4.2168,-34.8714,4.43635,22.8687,-0.0350988,1.9793,0.050461,
0.217742,0.0513853,0.238208,-1.96381,0.184214,0.372317,0.0152776,0.0713486,-0.00196443,0.0698248,-0.0821237,-0.827239,-0.0683073,0.0106548,3.02259,-3.33821,3.03118,-5.49861,-58.1598,3.49593,-0.741495,8.78677,0.352555,8.44572,-13.8985,-13.5262,-1.06293,0.0638694,0.217044,0.0528016,0.237555,-1.96315,0.204046,0.370683,0.0149427,0.123982,0.00130161,0.0587317,-0.0722126,-1.25997,-0.175562,-0.00101503,0,0,0,0,0,0,0,4.2168,-34.8714,4.43635,22.8687,-0.0350988,1.9793,0.050461,
0.218448,0.051248,0.238903,-1.96481,0.175067,0.372136,0.015318,0.0747335,-0.00500356,0.073225,-0.0907941,-0.890448,-0.0591501,0.00953176,2.11555,-1.89946,2.12514,-5.41895,-39.5059,5.72324,-0.701911,8.83371,0.527344,8.6409,-13.4653,-12.2106,-0.52487,0.0573952,0.217044,0.0528016,0.237555,-1.96315,0.204046,0.370683,0.0149427,0.123982,0.00130161,0.0587317,-0.0722126,-1.25997,-0.175562,-0.00101503,0,0,0,0,0,0,0,4.2168,-34.8714,4.43635,22.8687,-0.0350988,1.9793,0.050461,
0.218562,0.0527303,0.239026,-1.96535,0.183395,0.369732,0.0150713,0.0787823,-0.00422649,0.0770609,-0.101665,-0.972629,-0.0550094,0.00897146,2.5305,0.485669,2.39744,-6.79442,-51.3628,2.58796,-0.350183,9.17122,2.88252,8.81254,-16.8511,-13.5262,-0.548981,0.0978379,0.217044,0.0528016,0.237555,-1.96315,0.204046,0.370683,0.0149427,0.123982,0.00130161,0.0587317,-0.0722126,-1.25997,-0.175562,-0.00101503,0,0,0,0,0,0,0,4.2168,-34.8714,4.43635,22.8687,-0.0350988,1.9793,0.050461,
0.219306,0.0527678,0.239751,-1.96659,0.17326,0.369711,0.015111,0.0816155,-0.00244526,0.079768,-0.112252,-1.03147,-0.0445341,0.00816828,1.77075,1.11327,1.69197,-6.6165,-36.7744,6.54706,-0.501993,9.00348,2.98939,8.68678,-16.3201,-13.4135,-0.140685,0.0630469,0.221152,0.053115,0.241059,-1.96873,0.168021,0.368161,0.0150901,0.157042,-0.0783712,0.0909648,-0.239176,-1.42897,-0.117232,0.0137747,4.13253,-9.9591,4.02914,-20.8704,-21.1246,7.29133,1.84872,2.54261,-32.9472,3.18666,17.1637,0.733944,1.36864,0.0440523,
0.22002,0.0528315,0.240447,-1.96789,0.163835,0.369967,0.0151453,0.0831382,-0.000363761,0.08121,-0.122318,-1.0608,-0.029236,0.00739305,0.951684,1.30094,0.90124,-6.29147,-18.3327,9.56131,-0.484515,9.155,2.47265,8.92944,-16.0253,-12.2091,0.343522,0.0547414,0.221152,0.053115,0.241059,-1.96873,0.168021,0.368161,0.0150901,0.157042,-0.0783712,0.0909648,-0.239176,-1.42897,-0.117232,0.0137747,0,0,0,0,0,0,0,2.54261,-32.9472,3.18666,17.1637,0.733944,1.36864,0.0440523,
0.220705,0.0529072,0.241115,-1.96923,0.155281,0.370484,0.0151817,0.0836444,0.00160366,0.0816766,-0.131446,-1.06249,-0.010458,0.00682414,0.316382,1.22964,0.291642,-5.70477,-1.05616,11.7363,-0.355571,9.41174,1.78667,9.25247,-15.8697,-10.488,0.781226,0.0571672,0.221152,0.053115,0.241059,-1.96873,0.168021,0.368161,0.0150901,0.157042,-0.0783712,0.0909648,-0.239176,-1.42897,-0.117232,0.0137747,0,0,0,0,0,0,0,2.54261,-32.9472,3.18666,17.1637,0.733944,1.36864,0.0440523,
0.224389,0.0524084,0.244229,-1.97562,0.13631,0.371042,0.0151935,0.0851217,-0.000565322,0.0832766,-0.147427,-1.00295,0.0288743,0.00633987,0.923288,-1.35561,0.999954,-9.98836,37.212,24.5827,-0.302669,9.61069,0.255336,9.57257,-18.9165,-9.65435,2.15221,0.0480479,0.221152,0.053115,0.241059,-1.96873,0.168021,0.368161,0.0150901,0.157042,-0.0783712,0.0909648,-0.239176,-1.42897,-0.117232,0.0137747,0,0,0,0,0,0,0,2.54261,-32.9472,3.18666,17.1637,0.733944,1.36864,0.0440523,
0.225086,0.0523546,0.244917,-1.97729,0.131192,0.372862,0.0152309,0.0855247,-0.00179943,0.0838082,-0.1595,-0.930315,0.0685874,0.00600605,0.251865,-0.771316,0.332268,-7.54552,45.3976,24.8207,-0.208633,9.83321,-0.297144,9.81718,-18.9438,-8.00977,2.4525,0.056825,0.225874,0.0529171,0.246181,-1.97697,0.11914,0.366972,0.0151296,0.131517,0.0276683,0.223706,-0.262059,-1.64797,0.0314246,-0.000703526,-3.19054,13.2549,16.5927,-2.86039,-27.3747,18.582,-1.80978,1.65393,-29.0553,2.01234,17.1399,0.367733,0.268179,0.0239107,
0.22576,0.05231,0.245581,-1.97891,0.12697,0.374931,0.0152687,0.0852617,-0.00255323,0.0836681,-0.168298,-0.849791,0.106614,0.00574983,-0.164337,-0.471125,-0.0875727,-5.49902,50.3272,23.7665,-0.160142,10.0048,-0.781982,9.99564,-18.8528,-6.65619,2.74836,0.0623786,0.225874,0.0529171,0.246181,-1.97697,0.11914,0.366972,0.0151296,0.131517,0.0276683,0.223706,-0.262059,-1.64797,0.0314246,-0.000703526,0,0,0,0,0,0,0,1.65393,-29.0553,2.01234,17.1399,0.367733,0.268179,0.0239107,
0.226415,0.052269,0.246229,-1.9805,0.123551,0.377189,0.015305,0.0845984,-0.0030689,0.0831153,-0.174396,-0.765327,0.141722,0.00550688,-0.414582,-0.322291,-0.345509,-3.81135,52.7899,21.9427,-0.151844,10.0532,-1.08125,10.0438,-18.7313,-5.45297,2.97196,0.0653157,0.225874,0.0529171,0.246181,-1.97697,0.11914,0.366972,0.0151296,0.131517,0.0276683,0.223706,-0.262059,-1.64797,0.0314246,-0.000703526,0,0,0,0,0,0,0,1.65393,-29.0553,2.01234,17.1399,0.367733,0.268179,0.0239107,
0.232322,0.0541935,0.252393,-1.99284,0.101333,0.383549,0.0150674,0.0810238,-0.00151935,0.0796043,-0.171304,-0.604386,0.163129,0.00450483,-2.23411,0.968467,-2.19438,1.93268,100.589,13.3792,-0.62628,8.98728,-0.904662,8.93487,-17.5876,-0.84795,3.26258,0.0441425,0.225874,0.0529171,0.246181,-1.97697,0.11914,0.366972,0.0151296,0.131517,0.0276683,0.223706,-0.262059,-1.64797,0.0314246,-0.000703526,0,0,0,0,0,0,0,1.65393,-29.0553,2.01234,17.1399,0.367733,0.268179,0.0239107,
0.232851,0.0542167,0.252913,-1.99408,0.101693,0.385512,0.0150699,0.0780453,-0.000634398,0.0766852,-0.167916,-0.47451,0.179572,0.00366797,-1.86157,0.553094,-1.82443,2.11753,81.1723,10.2769,-0.52304,8.73255,-0.771928,8.67256,-17.3707,-0.45061,3.19965,0.0384984,0.225874,0.0529171,0.246181,-1.97697,0.11914,0.366972,0.0151296,0.131517,0.0276683,0.223706,-0.262059,-1.64797,0.0314246,-0.000703526,0,0,0,0,0,0,0,1.65393,-29.0553,2.01234,17.1399,0.367733,0.268179,0.0239107,
0.233375,0.0542283,0.253428,-1.99528,0.10207,0.387437,0.015071,0.0755343,-0.000219259,0.0742285,-0.164397,-0.37018,0.191786,0.00296195,-1.56939,0.259462,-1.53541,2.19927,65.206,7.63369,-0.441257,8.26576,-0.963616,8.20228,-16.764,-0.0426023,3.26541,0.0345147,0.231061,0.0528507,0.252634,-1.98788,0.0725486,0.369714,0.0151237,0.133207,0.000770214,0.233637,-0.368672,-1.26275,0.247784,-0.000191185,0.211163,-3.36226,1.24139,-13.3267,48.152,27.0449,0.0640427,3.55426,-32.6973,3.23823,21.972,1.27777,2.04522,0.0376436,
0.232851,0.0542167,0.252913,-1.99408,0.101693,0.385512,0.0150699,0.0736537,0.000405674,0.0723846,-0.16239,-0.287146,0.202498,0.00243367,-1.17538,0.390583,-1.15246,1.25417,51.8966,6.69481,-0.330181,6.61549,-0.235306,6.53065,-15.0332,0.608004,2.40862,0.00490535,0.231061,0.0528507,0.252634,-1.98788,0.0725486,0.369714,0.0151237,0.133207,0.000770214,0.233637,-0.368672,-1.26275,0.247784,-0.000191185,0,0,0,0,0,0,0,3.55426,-32.6973,3.23823,21.972,1.27777,2.04522,0.0376436,
0.238086,0.0545781,0.259404,-2.00397,0.0622629,0.384069,0.014868,0.0701859,0.000778382,0.068993,-0.155651,-0.227996,0.195636,0.00174118,-2.16734,0.232943,-2.1197,4.21243,36.9686,-4.2888,-0.432803,6.46195,-0.186114,6.37776,-14.8203,0.565327,2.30926,0.00267049,0.231061,0.0528507,0.252634,-1.98788,0.0725486,0.369714,0.0151237,0.133207,0.000770214,0.233637,-0.368672,-1.26275,0.247784,-0.000191185,0,0,0,0,0,0,0,3.55426,-32.6973,3.23823,21.972,1.27777,2.04522,0.0376436,
0.238529,0.054586,0.259841,-2.00497,0.0622976,0.385405,0.0148592,0.0672387,0.000818983,0.0661145,-0.149622,-0.181529,0.189916,0.00117346,-1.84202,0.0253757,-1.79908,3.76805,29.0421,-3.57485,-0.354829,6.31859,-0.144412,6.23544,-14.6079,0.509991,2.21411,0.000840409,0.231061,0.0528507,0.252634,-1.98788,0.0725486,0.369714,0.0151237,0.133207,0.000770214,0.233637,-0.368672,-1.26275,0.247784,-0.000191185,0,0,0,0,0,0,0,3.55426,-32.6973,3.23823,21.972,1.27777,2.04522,0.0376436,
0.238966,0.0545855,0.260271,-2.00595,0.0622989,0.386729,0.0148499,0.064707,0.000642476,0.0636447,-0.144212,-0.145192,0.185031,0.000704345,-1.58229,-0.110317,-1.54362,3.38079,22.7103,-3.05268,-0.293195,6.14812,-0.619177,6.07919,-13.869,0.543311,2.33793,-0.00158253,0.236816,0.051785,0.258468,-2.00118,0.0498711,0.381811,0.0151122,0.209183,-0.0441727,0.131875,-0.405574,-0.244719,0.443334,-0.00126935,9.49698,-5.61786,-12.7203,-4.61276,127.254,24.4438,-0.134771,1.2215,-33.1218,1.43709,23.8406,1.44897,2.15142,0.0641939,
0.244099,0.052695,0.265575,-2.01341,0.0487885,0.393784,0.0149048,0.0626102,0.000334733,0.0616327,-0.137202,-0.117503,0.175734,0.000212245,-1.31047,-0.192339,-1.2575,4.3818,17.3056,-5.81107,-0.307563,5.38172,-0.496018,5.33005,-12.4015,0.0893056,1.87827,-0.00922575,0.236816,0.051785,0.258468,-2.00118,0.0498711,0.381811,0.0151122,0.209183,-0.0441727,0.131875,-0.405574,-0.244719,0.443334,-0.00126935,0,0,0,0,0,0,0,1.2215,-33.1218,1.43709,23.8406,1.44897,2.15142,0.0641939,
0.244515,0.0526811,0.265988,-2.01426,0.0487073,0.394896,0.0148903,0.0605047,-7.91365e-05,0.059607,-0.131019,-0.0960327,0.168378,-0.000191033,-1.31595,-0.258669,-1.26608,3.86384,13.419,-4.59738,-0.252048,5.28837,-0.488955,5.23969,-12.1935,0.036616,1.83351,-0.0100253,0.236816,0.051785,0.258468,-2.00118,0.0498711,0.381811,0.0151122,0.209183,-0.0441727,0.131875,-0.405574,-0.244719,0.443334,-0.00126935,0,0,0,0,0,0,0,1.2215,-33.1218,1.43709,23.8406,1.44897,2.15142,0.0641939,
0.244917,0.0526619,0.266385,-2.01509,0.0486039,0.396007,0.0148755,0.0584459,-0.000542452,0.0576223,-0.125534,-0.0794097,0.162487,-0.000523788,-1.28677,-0.289572,-1.24045,3.42862,10.3894,-3.68192,-0.207972,5.19751,-0.483234,5.15182,-11.9857,-0.0121586,1.79235,-0.0107373,0.236816,0.051785,0.258468,-2.00118,0.0498711,0.381811,0.0151122,0.209183,-0.0441727,0.131875,-0.405574,-0.244719,0.443334,-0.00126935,0,0,0,0,0,0,0,1.2215,-33.1218,1.43709,23.8406,1.44897,2.15142,0.0641939,
0.245305,0.0526386,0.266769,-2.01589,0.0484832,0.397115,0.0148602,0.0564662,-0.00101745,0.0557109,-0.120632,-0.0665445,0.157696,-0.000801403,-1.2373,-0.296872,-1.1946,3.06367,8.04078,-2.99409,-0.17351,5.09638,-0.613306,5.04316,-11.7064,-0.0279169,1.76895,-0.0118496,0.241235,0.0522144,0.265293,-2.01263,0.0469347,0.393331,0.0150976,0.118615,0.0372767,0.189251,-0.299088,-0.0679448,0.304401,-0.00225055,-11.321,10.1812,7.17197,13.3109,22.0967,-17.3666,-0.12265,-1.74603,-34.07,-1.9113,22.6941,0.452877,2.22375,0.0706026,
0.247701,0.0539151,0.27162,-2.02309,0.0469909,0.402486,0.0148538,0.0543193,-0.000748753,0.0535925,-0.114384,-0.0550753,0.149221,-0.00112159,-1.34179,0.167934,-1.32401,3.90517,7.16825,-5.29707,-0.200118,4.50302,-0.586779,4.47055,-10.2608,-0.208531,1.5811,-0.0164561,0.241235,0.0522144,0.265293,-2.01263,0.0469347,0.393331,0.0150976,0.118615,0.0372767,0.189251,-0.299088,-0.0679448,0.304401,-0.00225055,0,0,0,0,0,0,0,-1.74603,-34.07,-1.9113,22.6941,0.452877,2.22375,0.0706026,
0.248049,0.0539091,0.271964,-2.02378,0.0469052,0.403419,0.0148343,0.0521637,-0.000749507,0.0514718,-0.108759,-0.0462022,0.142695,-0.0013848,-1.34724,-0.000471129,-1.32546,3.51543,5.54567,-4.07885,-0.164503,4.42018,-0.582273,4.39052,-10.0551,-0.218937,1.56078,-0.0171078,0.241235,0.0522144,0.265293,-2.01263,0.0469347,0.393331,0.0150976,0.118615,0.0372767,0.189251,-0.299088,-0.0679448,0.304401,-0.00225055,0,0,0,0,0,0,0,-1.74603,-34.07,-1.9113,22.6941,0.452877,2.22375,0.0706026,
0.248382,0.0538963,0.272293,-2.02445,0.0468117,0.404356,0.0148145,0.0500585,-0.000918464,0.0494047,-0.103673,-0.0393005,0.137594,-0.00160225,-1.31577,-0.105598,-1.2919,3.17844,4.31353,-3.18813,-0.135911,4.33756,-0.577404,4.31064,-9.84931,-0.226713,1.54087,-0.0177316,0.241235,0.0522144,0.265293,-2.01263,0.0469347,0.393331,0.0150976,0.118615,0.0372767,0.189251,-0.299088,-0.0679448,0.304401,-0.00225055,0,0,0,0,0,0,0,-1.74603,-34.07,-1.9113,22.6941,0.452877,2.22375,0.0706026,
0.252764,0.0530723,0.275889,-2.03003,0.047313,0.410351,0.0147983,0.0476669,-0.00116663,0.0470687,-0.096233,-0.031239,0.129533,-0.00182423,-1.49477,-0.155105,-1.46005,4.65022,5.03846,-5.03826,-0.138737,3.69357,-0.642715,3.67861,-8.15591,-0.200124,1.38239,-0.0226351,0.246829,0.0524274,0.270053,-2.02198,0.0459473,0.402547,0.0150803,0.0662886,-0.0125683,0.232695,-0.26506,-0.0142726,0.257816,-0.00215048,-6.5408,-6.23063,5.43057,4.2535,6.70902,-5.82313,0.0125087,-2.12292,-34.7206,-2.01048,25.134,0.581051,2.6751,0.050461,
0.25305,0.0530504,0.276172,-2.03054,0.0473054,0.41113,0.0147769,0.0452848,-0.0014816,0.0447423,-0.0897183,-0.0251806,0.123099,-0.00199522,-1.4888,-0.196857,-1.45395,4.07168,3.78647,-4.02097,-0.106866,3.61069,-0.634335,3.598,-7.94965,-0.192006,1.3615,-0.0231687,0.246829,0.0524274,0.270053,-2.02198,0.0459473,0.402547,0.0150803,0.0662886,-0.0125683,0.232695,-0.26506,-0.0142726,0.257816,-0.00215048,0,0,0,0,0,0,0,-2.12292,-34.7206,-2.01048,25.134,0.581051,2.6751,0.050461,
0.25332,0.0530249,0.27644,-2.03102,0.0472848,0.411905,0.0147558,0.0429742,-0.00182331,0.042486,-0.0839724,-0.0206604,0.117874,-0.00212373,-1.44411,-0.213569,-1.4102,3.59118,2.82515,-3.2654,-0.0803195,3.52774,-0.625772,3.51728,-7.74308,-0.183478,1.33973,-0.023649,0.246829,0.0524274,0.270053,-2.02198,0.0459473,0.402547,0.0150803,0.0662886,-0.0125683,0.232695,-0.26506,-0.0142726,0.257816,-0.00215048,0,0,0,0,0,0,0,-2.12292,-34.7206,-2.01048,25.134,0.581051,2.6751,0.050461,
0.253576,0.0529966,0.276694,-2.03149,0.0472527,0.412675,0.014735,0.0407709,-0.00216574,0.0403345,-0.0788651,-0.0173293,0.113548,-0.00221727,-1.37705,-0.214018,-1.34472,3.19205,2.08197,-2.70373,-0.0584639,3.44459,-0.616995,3.43631,-7.53623,-0.174148,1.31767,-0.024108,0.246829,0.0524274,0.270053,-2.02198,0.0459473,0.402547,0.0150803,0.0662886,-0.0125683,0.232695,-0.26506,-0.0142726,0.257816,-0.00215048,0,0,0,0,0,0,0,-2.12292,-34.7206,-2.01048,25.134,0.581051,2.6751,0.050461,
0.247824,0.0525907,0.271036,-2.02318,0.0460005,0.40342,0.0150475,0.0575083,0.00234999,0.0568321,-0.0932124,-0.0125314,0.112668,-0.00259343,10.4609,2.82233,10.311,-8.96706,2.99865,-0.550464,-0.235096,3.68136,-0.748403,3.66282,-8.13894,-0.197215,1.37206,-0.022581,0.251211,0.0522476,0.27429,-2.02964,0.0458087,0.409769,0.0150637,0.0623862,-0.000845607,0.170735,-0.210686,-0.00897827,0.192172,-0.000659218,-0.487802,1.46533,-7.74507,6.79672,0.661791,-8.20545,0.186408,-1.08349,-32.4751,-1.10991,25.257,0.392452,2.84722,-0.0026396,
0.248659,0.0527588,0.27185,-2.02412,0.0461892,0.404034,0.0150146,0.0668777,0.0060824,0.0658147,-0.0980411,-0.0053074,0.10549,-0.00289523,5.85585,2.33275,5.61413,-3.01796,4.51502,-4.48586,-0.188625,3.59848,-0.740023,3.58222,-7.93268,-0.189097,1.35117,-0.0231146,0.251211,0.0522476,0.27429,-2.02964,0.0458087,0.409769,0.0150637,0.0623862,-0.000845607,0.170735,-0.210686,-0.00897827,0.192172,-0.000659218,0,0,0,0,0,0,0,-1.08349,-32.4751,-1.10991,25.257,0.392452,2.84722,-0.0026396,
0.249364,0.0528879,0.27254,-2.02495,0.0464298,0.404618,0.0149851,0.0711366,0.00809414,0.0698965,-0.099179,0.00176711,0.0989922,-0.00305601,2.66181,1.25734,2.55114,-0.71119,4.42157,-4.06133,-0.100492,3.51554,-0.731459,3.5015,-7.72611,-0.180569,1.3294,-0.023595,0.251211,0.0522476,0.27429,-2.02964,0.0458087,0.409769,0.0150637,0.0623862,-0.000845607,0.170735,-0.210686,-0.00897827,0.192172,-0.000659218,0,0,0,0,0,0,0,-1.08349,-32.4751,-1.10991,25.257,0.392452,2.84722,-0.0026396,
0.254984,0.051486,0.27697,-2.02974,0.185466,0.355871,0.0142086,0.0573455,0.00432283,0.0554063,-0.0777633,0.0965842,0.0452945,-0.00313582,-8.61944,-2.35707,-9.05635,13.3849,59.2607,-33.5611,-0.0498797,1.55356,-0.24925,1.61002,-0.832469,1.80039,-0.416506,-0.00875541,0.251211,0.0522476,0.27429,-2.02964,0.0458087,0.409769,0.0150637,0.0623862,-0.000845607,0.170735,-0.210686,-0.00897827,0.192172,-0.000659218,0,0,0,0,0,0,0,-1.08349,-32.4751,-1.10991,25.257,0.392452,2.84722,-0.0026396,
0.255001,0.0513992,0.276949,-2.02968,0.189264,0.354521,0.014181,0.0463123,0.00128762,0.0438145,-0.0606245,0.172206,0.00250491,-0.00320025,-6.89574,-1.897,-7.24491,10.7117,47.2637,-26.7435,-0.0402698,1.63109,-0.274278,1.68491,-0.626704,2.40086,-0.734888,-0.00807327,0.254674,0.0523745,0.277797,-2.0353,0.0458054,0.414733,0.0150533,0.10084,-0.00790937,0.0965502,-0.174922,-0.0151503,0.153658,-7.33143e-05,4.80666,-0.88297,-9.27308,4.47047,-0.771504,-4.81429,0.0732379,-1.5675,-34.2485,-1.56218,24.5627,0.581051,2.64855,-0.00996382,
0.255019,0.0513116,0.276929,-2.02961,0.193052,0.353179,0.0141533,0.0374857,-0.00115844,0.0345415,-0.0469076,0.232473,-0.0315591,-0.00325238,-5.51663,-1.52879,-5.79561,8.57305,37.6666,-21.29,-0.032582,1.70627,-0.22409,1.76187,-0.440593,3.05799,-1.08685,-0.00594796,0.254674,0.0523745,0.277797,-2.0353,0.0458054,0.414733,0.0150533,0.10084,-0.00790937,0.0965502,-0.174922,-0.0151503,0.153658,-7.33143e-05,0,0,0,0,0,0,0,-1.5675,-34.2485,-1.56218,24.5627,0.581051,2.64855,-0.00996382,
0.255036,0.0512234,0.276908,-2.02955,0.196831,0.351843,0.0141256,0.0304245,-0.00313296,0.0271239,-0.0359285,0.280456,-0.0586433,-0.00329467,-4.41322,-1.23407,-4.63603,6.86193,29.9894,-16.9276,-0.0264315,1.75381,-0.177454,1.80948,-0.250051,3.75802,-1.46371,-0.000554995,0.254674,0.0523745,0.277797,-2.0353,0.0458054,0.414733,0.0150533,0.10084,-0.00790937,0.0965502,-0.174922,-0.0151503,0.153658,-7.33143e-05,0,0,0,0,0,0,0,-1.5675,-34.2485,-1.56218,24.5627,0.581051,2.64855,-0.00996382,
0.255761,0.0527207,0.278841,-2.0361,0.048239,0.413834,0.0149925,0.0360498,0.00179308,0.0329844,-0.0355766,0.26501,-0.0647141,-0.00336516,3.51581,3.07877,3.66283,0.219927,-9.6535,-3.79423,-0.0440569,1.63104,-0.274423,1.68486,-0.626611,2.39955,-0.733547,-0.00807244,0.254674,0.0523745,0.277797,-2.0353,0.0458054,0.414733,0.0150533,0.10084,-0.00790937,0.0965502,-0.174922,-0.0151503,0.153658,-7.33143e-05,0,0,0,0,0,0,0,-1.5675,-34.2485,-1.56218,24.5627,0.581051,2.64855,-0.00996382,
0.256119,0.0528524,0.279188,-2.03627,0.0505452,0.412818,0.0149721,0.0378032,0.0047267,0.0350667,-0.0325235,0.269664,-0.0771793,-0.00320139,1.09584,1.83351,1.30146,1.9082,2.90842,-7.7908,0.102356,1.68303,-0.201275,1.73079,-0.534953,3.01813,-1.10616,-0.00615842,0.258048,0.0524596,0.280503,-2.03905,0.0539481,0.41588,0.0150099,0.137466,-0.0033012,-0.0163902,-0.0392566,0.799947,-0.155155,0.00117271,4.57831,0.57602,-14.1176,16.9582,101.887,-38.6017,0.155753,-1.44055,-35.7958,-0.859972,27.7762,3.32946,2.75475,-0.0026396,
0.256396,0.0529457,0.279457,-2.03636,0.0534602,0.411552,0.0149627,0.0371686,0.0061149,0.0347789,-0.0284154,0.288605,-0.0933889,-0.00279505,-0.396629,0.867625,-0.179889,2.5676,11.8382,-10.131,0.253968,1.73058,-0.154634,1.7784,-0.34441,3.71814,-1.48302,-0.000765312,0.258048,0.0524596,0.280503,-2.03905,0.0539481,0.41588,0.0150099,0.137466,-0.0033012,-0.0163902,-0.0392566,0.799947,-0.155155,0.00117271,0,0,0,0,0,0,0,-1.44055,-35.7958,-0.859972,27.7762,3.32946,2.75475,-0.0026396,
0.256609,0.0530086,0.279663,-2.03641,0.0569758,0.410051,0.0149627,0.0350419,0.00646412,0.0329802,-0.0239216,0.318775,-0.112231,-0.00223681,-1.32916,0.218261,-1.1242,2.80858,18.8562,-11.7765,0.348896,1.71259,-0.116554,1.76005,-0.15163,4.46263,-1.86777,0.00908553,0.258048,0.0524596,0.280503,-2.03905,0.0539481,0.41588,0.0150099,0.137466,-0.0033012,-0.0163902,-0.0392566,0.799947,-0.155155,0.00117271,0,0,0,0,0,0,0,-1.44055,-35.7958,-0.859972,27.7762,3.32946,2.75475,-0.0026396,
0.259513,0.0525609,0.281969,-2.03911,0.0743753,0.408726,0.0150788,0.0344238,0.0053454,0.0331288,-0.0179425,0.385086,-0.141312,-0.00124146,-0.386331,-0.699196,0.092882,3.73698,41.4444,-18.1752,0.622094,1.71223,-0.117852,1.75969,-0.150658,4.44888,-1.85427,0.00909859,0.258048,0.0524596,0.280503,-2.03905,0.0539481,0.41588,0.0150099,0.137466,-0.0033012,-0.0163902,-0.0392566,0.799947,-0.155155,0.00117271,0,0,0,0,0,0,0,-1.44055,-35.7958,-0.859972,27.7762,3.32946,2.75475,-0.0026396,
0.259709,0.0525396,0.282164,-2.03906,0.0798205,0.406553,0.015062,0.0324276,0.00374536,0.0313869,-0.0132214,0.444198,-0.167385,-0.00141447,-1.24761,-1.00002,-1.08865,2.95068,36.9455,-16.2956,-0.10813,1.57127,-0.0792812,1.62188,0.0540444,5.26841,-2.22397,0.0189099,0.258048,0.0524596,0.280503,-2.03905,0.0539481,0.41588,0.0150099,0.137466,-0.0033012,-0.0163902,-0.0392566,0.799947,-0.155155,0.00117271,0,0,0,0,0,0,0,-1.44055,-35.7958,-0.859972,27.7762,3.32946,2.75475,-0.0026396,
0.259876,0.0525034,0.282328,-2.03903,0.0849727,0.404487,0.0150427,0.0301148,0.00209008,0.0291957,-0.00975408,0.484162,-0.185561,-0.00161321,-1.44547,-1.03455,-1.3695,2.16705,24.9773,-11.36,-0.124213,1.28804,-0.113322,1.33063,0.470752,6.08271,-2.527,0.0173621,0.260615,0.0525692,0.2819,-2.03974,0.0714208,0.409855,0.015015,0.140969,0.0125636,0.0180545,-0.0127636,0.374865,-0.0708626,0.00925425,0.437891,1.98311,4.30559,3.31163,-53.1352,10.5366,1.01019,-2.88464,-34.3953,-2.3358,24.8602,-0.365604,1.59386,-0.177505,
0.261696,0.0526358,0.282953,-2.03965,0.0849173,0.405335,0.0149897,0.0303475,0.00124833,0.0294933,-0.00647001,0.513424,-0.193824,-0.00188786,0.145389,-0.526096,0.185944,2.05255,18.2886,-5.16441,-0.171657,1.28283,-0.125512,1.3252,0.480106,5.93192,-2.39342,0.0175042,0.260615,0.0525692,0.2819,-2.03974,0.0714208,0.409855,0.015015,0.140969,0.0125636,0.0180545,-0.0127636,0.374865,-0.0708626,0.00925425,0,0,0,0,0,0,0,-2.88464,-34.3953,-2.3358,24.8602,-0.365604,1.59386,-0.177505,
0.261898,0.0525963,0.283149,-2.03961,0.0898025,0.403542,0.0149665,0.0293162,1.22084e-05,0.0284808,-0.00407072,0.532867,-0.199868,-0.00209026,-0.644535,-0.772575,-0.632765,1.49955,12.1521,-3.77751,-0.1265,0.838845,-0.137578,1.10962,0.795775,6.40064,-2.72205,0.0387706,0.260615,0.0525692,0.2819,-2.03974,0.0714208,0.409855,0.015015,0.140969,0.0125636,0.0180545,-0.0127636,0.374865,-0.0708626,0.00925425,0,0,0,0,0,0,0,-2.88464,-34.3953,-2.3358,24.8602,-0.365604,1.59386,-0.177505,
0.26208,0.0525412,0.283291,-2.03957,0.0944592,0.401817,0.0149392,0.0280157,-0.00136971,0.026356,-0.00232966,0.542712,-0.203015,-0.00235366,-0.812839,-0.863697,-1.32801,1.08816,6.15304,-1.9668,-0.164621,0.322734,-0.598807,0.41164,0.782447,6.82382,-2.76409,-0.0111116,0.260615,0.0525692,0.2819,-2.03974,0.0714208,0.409855,0.015015,0.140969,0.0125636,0.0180545,-0.0127636,0.374865,-0.0708626,0.00925425,0,0,0,0,0,0,0,-2.88464,-34.3953,-2.3358,24.8602,-0.365604,1.59386,-0.177505,
0.262237,0.0524786,0.283409,-2.03953,0.0988527,0.400186,0.0149144,0.026332,-0.00265874,0.0240239,-0.000984248,0.544008,-0.203187,-0.00250505,-1.05226,-0.805646,-1.45759,0.840885,0.809889,-0.107797,-0.0946215,0.0352979,-0.801681,0.00242701,0.745833,5.51279,-2.11453,-0.0269239,0.262151,0.0523848,0.284153,-2.03963,0.0903943,0.403515,0.0149827,-0.0218819,-0.00594196,0.0924026,0.0103997,0.741392,-0.270136,-0.000149407,-20.3564,-2.3132,9.29351,2.89541,45.8158,-24.9091,-1.17546,0.793033,-30.4796,1.61165,23.9398,2.6886,1.26977,0.0641939,
0.263245,0.0520478,0.285069,-2.03954,0.110422,0.397324,0.0148816,0.0250364,-0.0039136,0.0221916,-0.000117873,0.519874,-0.185755,-0.00264526,-0.809799,-0.784289,-1.14517,0.541485,-15.0838,10.8948,-0.0876278,0.163848,-1.0352,-0.308628,0.773369,4.1235,-1.01424,-0.0340549,0.262151,0.0523848,0.284153,-2.03963,0.0903943,0.403515,0.0149827,-0.0218819,-0.00594196,0.0924026,0.0103997,0.741392,-0.270136,-0.000149407,0,0,0,0,0,0,0,0.793033,-30.4796,1.61165,23.9398,2.6886,1.26977,0.0641939,
0.263377,0.051973,0.285162,-2.0395,0.113689,0.396467,0.0148553,0.02334,-0.0050014,0.0200681,0.00076372,0.497572,-0.170048,-0.00277406,-1.0602,-0.679876,-1.32716,0.550996,-13.9385,9.81697,-0.0805041,0.147803,-1.04552,-0.327102,0.788884,3.7845,-0.836742,-0.0325774,0.262151,0.0523848,0.284153,-2.03963,0.0903943,0.403515,0.0149827,-0.0218819,-0.00594196,0.0924026,0.0103997,0.741392,-0.270136,-0.000149407,0,0,0,0,0,0,0,0.793033,-30.4796,1.61165,23.9398,2.6886,1.26977,0.0641939,
0.263487,0.0518949,0.285232,-2.03946,0.116871,0.395661,0.0148287,0.0214268,-0.00595396,0.0178189,0.00163407,0.477612,-0.156183,-0.00288419,-1.19579,-0.59535,-1.40575,0.543971,-12.4754,8.66552,-0.0688304,0.149758,-1.04443,-0.325135,0.78892,3.77626,-0.83868,-0.0325681,0.262151,0.0523848,0.284153,-2.03963,0.0903943,0.403515,0.0149827,-0.0218819,-0.00594196,0.0924026,0.0103997,0.741392,-0.270136,-0.000149407,0,0,0,0,0,0,0,0.793033,-30.4796,1.61165,23.9398,2.6886,1.26977,0.0641939,
0.263579,0.0518137,0.285285,-2.03942,0.119991,0.394894,0.014802,0.0194369,-0.0067921,0.0155672,0.00247,0.46008,-0.144114,-0.00297455,-1.2437,-0.523837,-1.40736,0.522455,-10.957,7.54313,-0.0564746,0.147234,-1.08432,-0.3328,0.781444,3.68057,-0.792508,-0.032709,0.263425,0.0521751,0.285569,-2.03897,0.117855,0.392964,0.0149906,0.0678811,-0.0101444,0.00366022,0.0216938,0.831279,-0.298451,0.000494434,11.2204,-0.525304,-11.0928,1.41176,11.2359,-3.53944,0.0804801,-1.99597,-33.3479,-1.76055,22.8409,0.104977,2.37023,-0.00996382,
0.266465,0.0508183,0.288056,-2.03848,0.140896,0.399963,0.0146781,0.017334,-0.00800134,0.0133609,0.0037389,0.386523,-0.0969774,-0.00299534,-1.31429,-0.755777,-1.37895,0.793058,-45.9733,29.4606,-0.0129925,0.712996,-1.14314,0.281453,0.789876,1.12032,1.2842,-0.0303197,0.263425,0.0521751,0.285569,-2.03897,0.117855,0.392964,0.0149906,0.0678811,-0.0101444,0.00366022,0.0216938,0.831279,-0.298451,0.000494434,0,0,0,0,0,0,0,-1.99597,-33.3479,-1.76055,22.8409,0.104977,2.37023,-0.00996382,
0.266532,0.0507148,0.288088,-2.03841,0.14162,0.400682,0.0146535,0.0155375,-0.00898896,0.0114845,0.00477934,0.327312,-0.059614,-0.00301139,-1.12282,-0.61726,-1.17275,0.650277,-37.0067,23.3521,-0.0100331,0.706424,-1.14297,0.273448,0.789054,1.09639,1.25337,-0.0302763,0.263425,0.0521751,0.285569,-2.03897,0.117855,0.392964,0.0149906,0.0678811,-0.0101444,0.00366022,0.0216938,0.831279,-0.298451,0.000494434,0,0,0,0,0,0,0,-1.99597,-33.3479,-1.76055,22.8409,0.104977,2.37023,-0.00996382,
0.266595,0.0506107,0.288116,-2.03834,0.142331,0.401386,0.0146289,0.0140049,-0.0097938,0.00989044,0.00562895,0.279633,-0.0301022,-0.00302385,-0.957875,-0.503023,-0.996263,0.531005,-29.7997,18.4449,-0.00778793,0.699069,-1.14234,0.264869,0.788243,1.07397,1.2233,-0.0302485,0.263425,0.0521751,0.285569,-2.03897,0.117855,0.392964,0.0149906,0.0678811,-0.0101444,0.00366022,0.0216938,0.831279,-0.298451,0.000494434,0,0,0,0,0,0,0,-1.99597,-33.3479,-1.76055,22.8409,0.104977,2.37023,-0.00996382,
0.270668,0.053872,0.29329,-2.04073,0.103368,0.463257,0.0146488,0.0203316,-0.00615595,0.0175521,0.00476323,0.197069,0.0231882,-0.00294665,3.9542,2.27365,4.78852,-0.541074,-51.6024,33.3065,0.0482499,4.88842,0.989434,5.18479,-0.438763,-1.42217,2.36852,-0.0278639,0.264556,0.0515704,0.286234,-2.03877,0.138687,0.386839,0.0149832,0.0181273,-0.0147521,0.0386633,0.029135,0.560157,-0.134284,-0.0011047,-6.21923,-0.575969,4.37539,0.930157,-33.8902,20.5209,-0.199891,-1.61908,-31.8999,-0.76079,23.9398,0.850216,2.21734,0.017502,
0.273104,0.0518101,0.295014,-2.03894,0.126235,0.404693,0.0146328,0.0250156,-0.0052648,0.0226593,0.00370138,0.13627,0.0295873,-0.00287968,2.9275,0.556969,3.192,-0.663656,-37.9994,3.99944,0.0418577,4.89419,0.926536,5.16938,-0.429807,-1.40506,2.1954,-0.0275336,0.264556,0.0515704,0.286234,-2.03877,0.138687,0.386839,0.0149832,0.0181273,-0.0147521,0.0386633,0.029135,0.560157,-0.134284,-0.0011047,0,0,0,0,0,0,0,-1.61908,-31.8999,-0.76079,23.9398,0.850216,2.21734,0.017502,
0.27345,0.051793,0.295353,-2.03894,0.125393,0.405096,0.014612,0.0286573,-0.00463956,0.0266088,0.00285941,0.08796,0.0337541,-0.00282403,2.27604,0.390776,2.46848,-0.526229,-30.1938,2.60424,0.03478,4.89109,0.865023,5.14592,-0.420375,-1.38754,2.03453,-0.0272619,0.264556,0.0515704,0.286234,-2.03877,0.138687,0.386839,0.0149832,0.0181273,-0.0147521,0.0386633,0.029135,0.560157,-0.134284,-0.0011047,0,0,0,0,0,0,0,-1.61908,-31.8999,-0.76079,23.9398,0.850216,2.21734,0.017502,
0.273792,0.0517724,0.295687,-2.03895,0.124564,0.405464,0.0145913,0.0314647,-0.00422656,0.0296324,0.00219477,0.0496493,0.0362037,-0.00277759,1.75462,0.258123,1.88971,-0.415401,-23.9442,1.53101,0.0290241,4.88073,0.804818,5.11594,-0.410406,-1.36975,1.88551,-0.027055,0.264556,0.0515704,0.286234,-2.03877,0.138687,0.386839,0.0149832,0.0181273,-0.0147521,0.0386633,0.029135,0.560157,-0.134284,-0.0011047,0,0,0,0,0,0,0,-1.61908,-31.8999,-0.76079,23.9398,0.850216,2.21734,0.017502,
0.272239,0.050847,0.294394,-2.04051,0.132914,0.415344,0.0145343,0.031158,-0.0032821,0.0297399,-0.000111792,0.0256085,0.0448434,-0.00271875,-0.191666,0.590286,0.0671889,-1.4416,-15.0255,5.3998,0.0367766,4.15812,-0.278258,4.07255,-1.86533,-1.37453,2.27788,-0.0234748,0.265485,0.0512731,0.287686,-2.03848,0.147545,0.389375,0.0149883,0.0177938,0.00746705,0.08923,0.000816593,-0.000425332,0.248966,0.000133724,-0.0416922,2.7774,6.32084,-3.5398,-70.0728,47.9062,0.154803,5.00232,-32.0982,5.01161,24.0866,-0.139469,3.82226,-0.0703886,
0.272474,0.0508533,0.294632,-2.04058,0.132356,0.415951,0.0145147,0.0308083,-0.00246851,0.0297292,-0.00188942,0.006535,0.0510396,-0.00266488,-0.218545,0.508498,-0.00667206,-1.11102,-11.9209,3.87262,0.0336696,4.08865,-0.258152,4.00901,-1.82868,-1.30422,2.13781,-0.0240248,0.265485,0.0512731,0.287686,-2.03848,0.147545,0.389375,0.0149883,0.0177938,0.00746705,0.08923,0.000816593,-0.000425332,0.248966,0.000133724,0,0,0,0,0,0,0,5.00232,-32.0982,5.01161,24.0866,-0.139469,3.82226,-0.0703886,
0.272706,0.0508618,0.294865,-2.04065,0.131804,0.416531,0.0144954,0.0304263,-0.00176114,0.0296256,-0.0032423,-0.00857365,0.0553244,-0.00261494,-0.238756,0.442103,-0.064757,-0.845548,-9.4429,2.67802,0.0312119,4.01934,-0.238125,3.94571,-1.79099,-1.24021,2.00914,-0.0245145,0.265485,0.0512731,0.287686,-2.03848,0.147545,0.389375,0.0149883,0.0177938,0.00746705,0.08923,0.000816593,-0.000425332,0.248966,0.000133724,0,0,0,0,0,0,0,5.00232,-32.0982,5.01161,24.0866,-0.139469,3.82226,-0.0703886,
0.272933,0.0508726,0.295095,-2.04072,0.131258,0.417085,0.0144763,0.0300205,-0.00114021,0.0294491,-0.00425287,-0.0205155,0.0581139,-0.00256775,-0.253656,0.388079,-0.110297,-0.631606,-7.46369,1.74341,0.0294966,3.95042,-0.218072,3.88284,-1.75236,-1.18207,1.8914,-0.0249461,0.265485,0.0512731,0.287686,-2.03848,0.147545,0.389375,0.0149883,0.0177938,0.00746705,0.08923,0.000816593,-0.000425332,0.248966,0.000133724,0,0,0,0,0,0,0,5.00232,-32.0982,5.01161,24.0866,-0.139469,3.82226,-0.0703886,
0.27332,0.0496207,0.295294,-2.04121,0.128003,0.422627,0.0147905,0.0300239,-0.00211036,0.0293652,-0.00652352,-0.0355224,0.0649895,-0.00229027,0.00213441,-0.606339,-0.0524368,-1.41916,-9.37928,4.29727,0.173421,3.86281,-0.34293,3.77203,-2.78007,-1.81306,2.55266,-0.00851025,0.267421,0.0508107,0.289565,-2.03828,0.145733,0.397053,0.0149758,0.0931724,-0.0187092,0.022361,-0.0223219,-0.0592288,0.24749,-0.000250664,9.42233,-3.27203,-8.35863,-2.89231,-7.35044,-0.184455,-0.0480485,1.24927,-31.1778,1.86159,22.7417,1.02142,2.16424,-0.0026396,
0.273556,0.0495735,0.295523,-2.04133,0.127252,0.423316,0.0147814,0.0299316,-0.00286873,0.0292084,-0.00823448,-0.0472107,0.0692356,-0.00206084,-0.0576987,-0.473983,-0.0979864,-1.06935,-7.30518,2.65382,0.143396,3.8011,-0.357339,3.70843,-2.72035,-1.71766,2.39232,-0.00917551,0.267421,0.0508107,0.289565,-2.03828,0.145733,0.397053,0.0149758,0.0931724,-0.0187092,0.022361,-0.0223219,-0.0592288,0.24749,-0.000250664,0,0,0,0,0,0,0,1.24927,-31.1778,1.86159,22.7417,1.02142,2.16424,-0.0026396,
0.273789,0.0495271,0.295748,-2.04145,0.12651,0.423958,0.0147726,0.0297642,-0.00345555,0.0289961,-0.00949475,-0.0563004,0.0714169,-0.00186838,-0.104578,-0.366763,-0.132672,-0.78767,-5.68109,1.36332,0.120286,3.73971,-0.37168,3.64517,-2.65965,-1.63105,2.24468,-0.00977015,0.267421,0.0508107,0.289565,-2.03828,0.145733,0.397053,0.0149758,0.0931724,-0.0187092,0.022361,-0.0223219,-0.0592288,0.24749,-0.000250664,0,0,0,0,0,0,0,1.24927,-31.1778,1.86159,22.7417,1.02142,2.16424,-0.0026396,
0.274018,0.0494813,0.29597,-2.04156,0.125778,0.424553,0.014764,0.0295369,-0.00390774,0.0287399,-0.0104038,-0.0633616,0.0720137,-0.00170804,-0.142064,-0.282621,-0.160162,-0.568151,-4.41326,0.373,0.10021,3.679,-0.385762,3.58263,-2.59813,-1.55243,2.10952,-0.0103234,0.267421,0.0508107,0.289565,-2.03828,0.145733,0.397053,0.0149758,0.0931724,-0.0187092,0.022361,-0.0223219,-0.0592288,0.24749,-0.000250664,0,0,0,0,0,0,0,1.24927,-31.1778,1.86159,22.7417,1.02142,2.16424,-0.0026396,
0.272086,0.0503718,0.294173,-2.04129,0.127583,0.423377,0.0150243,0.0306143,-0.00336544,0.0298761,-0.0134297,-0.0794179,0.093472,-0.00135883,0.673371,0.338941,0.710119,-1.89116,-10.0351,13.4114,0.218257,4.07171,0.150005,4.02006,-3.8072,-2.70991,3.53325,0.00881942,0.26965,0.0507025,0.291893,-2.03858,0.142404,0.405891,0.0149766,0.0503711,-0.00641738,0.108053,-0.0202395,-0.154668,0.299687,0.000604369,-5.35015,1.53648,10.7116,0.260292,-11.9298,6.5246,0.106879,-0.528073,-32.6735,0.163588,23.3646,0.60577,2.76116,-0.00996382,
0.272359,0.0503618,0.294441,-2.0415,0.126472,0.424738,0.0150238,0.0313101,-0.00294146,0.0306209,-0.0158018,-0.091305,0.108812,-0.0011012,0.434888,0.264987,0.465486,-1.48262,-7.42946,9.58761,0.161022,4.02481,0.149368,3.97505,-3.73308,-2.54369,3.28397,0.0081542,0.26965,0.0507025,0.291893,-2.03858,0.142404,0.405891,0.0149766,0.0503711,-0.00641738,0.108053,-0.0202395,-0.154668,0.299687,0.000604369,0,0,0,0,0,0,0,-0.528073,-32.6735,0.163588,23.3646,0.60577,2.76116,-0.00996382,
0.272626,0.0503521,0.294705,-2.0417,0.125385,0.42604,0.0150225,0.0317263,-0.0025948,0.0310754,-0.0176304,-0.100224,0.119576,-0.000912551,0.260113,0.216659,0.284072,-1.14285,-5.57432,6.72713,0.117904,3.97323,0.148732,3.92526,-3.65718,-2.38829,3.05422,0.00746289,0.26965,0.0507025,0.291893,-2.03858,0.142404,0.405891,0.0149766,0.0503711,-0.00641738,0.108053,-0.0202395,-0.154668,0.299687,0.000604369,0,0,0,0,0,0,0,-0.528073,-32.6735,0.163588,23.3646,0.60577,2.76116,-0.00996382,
0.272887,0.0503424,0.294962,-2.04189,0.124318,0.427287,0.01502,0.0319243,-0.00231825,0.0313045,-0.0190173,-0.106835,0.126855,-0.00079335,0.123712,0.172849,0.143186,-0.866797,-4.13201,4.54933,0.0745005,3.91845,0.147974,3.87211,-3.57954,-2.24344,2.84328,0.00675531,0.26965,0.0507025,0.291893,-2.03858,0.142404,0.405891,0.0149766,0.0503711,-0.00641738,0.108053,-0.0202395,-0.154668,0.299687,0.000604369,0,0,0,0,0,0,0,-0.528073,-32.6735,0.163588,23.3646,0.60577,2.76116,-0.00996382,
0.274265,0.0501728,0.296438,-2.04206,0.123216,0.433036,0.0150716,0.0333068,-0.0025907,0.0326932,-0.0222883,-0.12135,0.147814,-0.000670547,0.864059,-0.170283,0.86798,-2.04436,-9.07174,13.0999,0.0767519,4.30007,-0.0991076,4.22807,-4.80933,-3.16623,4.13827,0.022825,0.26965,0.0507025,0.291893,-2.03858,0.142404,0.405891,0.0149766,0.0503711,-0.00641738,0.108053,-0.0202395,-0.154668,0.299687,0.000604369,0,0,0,0,0,0,0,-0.528073,-32.6735,0.163588,23.3646,0.60577,2.76116,-0.00996382,
0.274566,0.0501457,0.296736,-2.04233,0.121889,0.434754,0.0150694,0.0341638,-0.00274936,0.03359,-0.0246948,-0.13027,0.161187,-0.000591412,0.535682,-0.0991651,0.560455,-1.50409,-5.57523,8.3577,0.049459,4.23724,-0.0832077,4.16677,-4.77628,-2.95694,3.77464,0.0222756,0.271728,0.0502805,0.294684,-2.03949,0.136466,0.415668,0.0149741,0.0215658,-0.0124687,0.128318,-0.0488084,-0.240845,0.35358,0.00213244,-3.60066,-0.75641,2.53307,-3.57111,-10.7722,6.73662,0.191009,1.88404,-30.5788,1.91316,23.5669,0.484005,2.63482,0.0239107,
0.274858,0.050121,0.297026,-2.0426,0.120675,0.436334,0.0150673,0.0346349,-0.0028183,0.0341395,-0.0264013,-0.134564,0.168459,-0.000526583,0.294428,-0.0430842,0.343466,-1.06655,-2.68382,4.54537,0.0405184,4.17241,-0.0767899,4.10285,-4.6838,-2.78323,3.4938,0.0212377,0.271728,0.0502805,0.294684,-2.03949,0.136466,0.415668,0.0149741,0.0215658,-0.0124687,0.128318,-0.0488084,-0.240845,0.35358,0.00213244,0,0,0,0,0,0,0,1.88404,-30.5788,1.91316,23.5669,0.484005,2.63482,0.0239107,
0.274651,0.0500691,0.297581,-2.04234,0.119326,0.437204,0.0150825,0.0379174,-0.00260111,0.0373254,-0.0318006,-0.177271,0.218093,-0.000137992,2.05153,0.135745,1.99118,-3.37457,-26.6914,31.0213,0.242869,4.16389,0.0803753,4.10449,-6.20208,-4.67586,5.76036,0.0229812,0.271728,0.0502805,0.294684,-2.03949,0.136466,0.415668,0.0149741,0.0215658,-0.0124687,0.128318,-0.0488084,-0.240845,0.35358,0.00213244,0,0,0,0,0,0,0,1.88404,-30.5788,1.91316,23.5669,0.484005,2.63482,0.0239107,
0.275036,0.0500539,0.297958,-2.04275,0.116706,0.440321,0.0150927,0.0399764,-0.00246039,0.0393014,-0.0356783,-0.207317,0.252394,0.00014509,1.2869,0.0879446,1.235,-2.4236,-18.7788,21.4382,0.176926,4.25468,0.0777939,4.19652,-6.10887,-4.43948,5.32592,0.024015,0.271728,0.0502805,0.294684,-2.03949,0.136466,0.415668,0.0149741,0.0215658,-0.0124687,0.128318,-0.0488084,-0.240845,0.35358,0.00213244,0,0,0,0,0,0,0,1.88404,-30.5788,1.91316,23.5669,0.484005,2.63482,0.0239107,
0.275404,0.0500367,0.298317,-2.04314,0.114271,0.443209,0.0151027,0.0411632,-0.00239945,0.0404098,-0.0383833,-0.226749,0.274104,0.000364735,0.741704,0.0380918,0.692721,-1.69058,-12.1453,13.5682,0.137278,4.31457,0.0757715,4.25715,-6.00928,-4.18785,4.91978,0.0238826,0.271728,0.0502805,0.294684,-2.03949,0.136466,0.415668,0.0149741,0.0215658,-0.0124687,0.128318,-0.0488084,-0.240845,0.35358,0.00213244,0,0,0,0,0,0,0,1.88404,-30.5788,1.91316,23.5669,0.484005,2.63482,0.0239107,
0.275756,0.0500173,0.29866,-2.04352,0.112032,0.445861,0.0151129,0.0417386,-0.00240403,0.0409071,-0.0401916,-0.237362,0.285593,0.000547008,0.35967,-0.00286497,0.310807,-1.13023,-6.63278,7.18072,0.113921,4.35214,0.072268,4.29486,-5.90333,-3.92435,4.5381,0.0227876,0.271728,0.0502805,0.294684,-2.03949,0.136466,0.415668,0.0149741,0.0215658,-0.0124687,0.128318,-0.0488084,-0.240845,0.35358,0.00213244,0,0,0,0,0,0,0,1.88404,-30.5788,1.91316,23.5669,0.484005,2.63482,0.0239107,
0.272177,0.0507868,0.295106,-2.04004,0.135258,0.417746,0.0149466,0.0446375,0.0107365,0.0432838,-0.0457611,-0.220073,0.28043,-0.000249273,1.81179,8.21283,1.48548,-3.48092,10.8052,-3.22667,-0.497676,-0.0429223,29.5533,-0.553169,-22.1961,-1.3396,-1.63193,-0.00212794,0.271728,0.0502805,0.294684,-2.03949,0.136466,0.415668,0.0149741,0.0215658,-0.0124687,0.128318,-0.0488084,-0.240845,0.35358,0.00213244,0,0,0,0,0,0,0,1.88404,-30.5788,1.91316,23.5669,0.484005,2.63482,0.0239107,
0.272654,0.0511087,0.295584,-2.04091,0.132557,0.421423,0.0149775,0.0476184,0.016635,0.0465533,-0.0584254,-0.243592,0.316269,0.000572552,1.86305,3.68657,2.04342,-7.91521,-14.6989,22.3993,0.51364,3.44859,0.0766288,3.33091,-7.88722,-6.34611,8.09371,0.00698886,0.271728,0.0502805,0.294684,-2.03949,0.136466,0.415668,0.0149741,0.0215658,-0.0124687,0.128318,-0.0488084,-0.240845,0.35358,0.00213244,0,0,0,0,0,0,0,1.88404,-30.5788,1.91316,23.5669,0.484005,2.63482,0.0239107,
0.273136,0.0513637,0.296061,-2.04179,0.129022,0.425726,0.015003,0.0501494,0.0196842,0.049171,-0.068746,-0.283256,0.360592,0.0010947,1.58187,1.90575,1.63608,-6.45037,-24.7901,27.7016,0.326341,3.82378,-0.0455882,3.74449,-7.85527,-6.01334,7.35034,0.0122933,0.271728,0.0502805,0.294684,-2.03949,0.136466,0.415668,0.0149741,0.0215658,-0.0124687,0.128318,-0.0488084,-0.240845,0.35358,0.00213244,0,0,0,0,0,0,0,1.88404,-30.5788,1.91316,23.5669,0.484005,2.63482,0.0239107,
0.273603,0.0515734,0.29652,-2.04261,0.125094,0.43023,0.0150236,0.0517988,0.0209889,0.0508179,-0.0755374,-0.324787,0.401071,0.00139244,1.03088,0.815415,1.02929,-4.24458,-25.9569,25.2996,0.186089,4.13627,-0.0733041,4.07573,-7.78125,-5.68017,6.68134,0.0172405,0.271728,0.0502805,0.294684,-2.03949,0.136466,0.415668,0.0149741,0.0215658,-0.0124687,0.128318,-0.0488084,-0.240845,0.35358,0.00213244,0,0,0,0,0,0,0,1.88404,-30.5788,1.91316,23.5669,0.484005,2.63482,0.0239107,
0.272177,0.0507868,0.295106,-2.04004,0.135258,0.417746,0.0149466,0.0526856,0.0294508,0.0512125,-0.0740377,-0.290013,0.372813,0.000427072,0.554272,5.28871,0.246628,0.937297,21.7334,-17.6614,-0.603355,-0.0429223,29.5533,-0.553169,-22.1961,-1.3396,-1.63193,-0.00212794,0.271728,0.0502805,0.294684,-2.03949,0.136466,0.415668,0.0149741,0.0215658,-0.0124687,0.128318,-0.0488084,-0.240845,0.35358,0.00213244,0,0,0,0,0,0,0,1.88404,-30.5788,1.91316,23.5669,0.484005,2.63482,0.0239107,
0.272678,0.0509554,0.295602,-2.04117,0.132043,0.422183,0.0149797,0.0546574,0.0277738,0.0533664,-0.0876037,-0.312395,0.40917,0.00116901,1.23236,-1.04815,1.34617,-8.47875,-13.9887,22.7234,0.463712,3.37429,-4.06646,3.12675,-10.4358,-8.07297,10.3681,-0.00146944,0.271728,0.0502805,0.294684,-2.03949,0.136466,0.415668,0.0149741,0.0215658,-0.0124687,0.128318,-0.0488084,-0.240845,0.35358,0.00213244,0,0,0,0,0,0,0,1.88404,-30.5788,1.91316,23.5669,0.484005,2.63482,0.0239107,
0.273189,0.05103,0.296107,-2.04233,0.127747,0.427517,0.0150014,0.056508,0.0240838,0.0552989,-0.0991732,-0.35731,0.460709,0.00147862,1.15664,-2.30622,1.20783,-7.23092,-28.072,32.2119,0.193506,3.76931,-3.44592,3.65184,-10.2613,-7.40595,9.39996,0.000831619,0.271728,0.0502805,0.294684,-2.03949,0.136466,0.415668,0.0149741,0.0215658,-0.0124687,0.128318,-0.0488084,-0.240845,0.35358,0.00213244,0,0,0,0,0,0,0,1.88404,-30.5788,1.91316,23.5669,0.484005,2.63482,0.0239107,
0.272177,0.0507868,0.295106,-2.04004,0.135258,0.417746,0.0149466,0.056453,0.0319268,0.0547973,-0.0929463,-0.316032,0.420523,0.000496017,-0.034382,4.90184,-0.313499,3.89177,25.7988,-25.1162,-0.614127,-0.0429223,29.5533,-0.553169,-22.1961,-1.3396,-1.63193,-0.00212794,0.271728,0.0502805,0.294684,-2.03949,0.136466,0.415668,0.0149741,0.0215658,-0.0124687,0.128318,-0.0488084,-0.240845,0.35358,0.00213244,0,0,0,0,0,0,0,1.88404,-30.5788,1.91316,23.5669,0.484005,2.63482,0.0239107,
0.272678,0.0509554,0.295602,-2.04117,0.132043,0.422183,0.0149797,0.0576713,0.0297545,0.0562342,-0.102731,-0.33321,0.447338,0.00122417,0.761434,-1.35764,0.898071,-6.11517,-10.7363,16.7596,0.455094,3.37429,-4.06646,3.12675,-10.4358,-8.07297,10.3681,-0.00146944,0.271728,0.0502805,0.294684,-2.03949,0.136466,0.415668,0.0149741,0.0215658,-0.0124687,0.128318,-0.0488084,-0.240845,0.35358,0.00213244,0,0,0,0,0,0,0,1.88404,-30.5788,1.91316,23.5669,0.484005,2.63482,0.0239107,
0.273189,0.05103,0.296107,-2.04233,0.127747,0.427517,0.0150014,0.0589191,0.0256684,0.0575932,-0.111275,-0.373963,0.491244,0.00152275,0.779902,-2.55381,0.849351,-5.34006,-25.4701,27.4408,0.186611,3.76931,-3.44592,3.65184,-10.2613,-7.40595,9.39996,0.000831619,0.271728,0.0502805,0.294684,-2.03949,0.136466,0.415668,0.0149741,0.0215658,-0.0124687,0.128318,-0.0488084,-0.240845,0.35358,0.00213244,0,0,0,0,0,0,0,1.88404,-30.5788,1.91316,23.5669,0.484005,2.63482,0.0239107,
0.273684,0.0510625,0.296594,-2.04341,0.122967,0.43314,0.0150181,0.0594976,0.0213476,0.0582571,-0.115922,-0.418672,0.533564,0.00163547,0.361553,-2.7005,0.414969,-2.90442,-27.9435,26.45,0.0704528,4.18538,-2.89468,4.13697,-10.0939,-6.88131,8.4819,0.00928192,0.271728,0.0502805,0.294684,-2.03949,0.136466,0.415668,0.0149741,0.0215658,-0.0124687,0.128318,-0.0488084,-0.240845,0.35358,0.00213244,0,0,0,0,0,0,0,1.88404,-30.5788,1.91316,23.5669,0.484005,2.63482,0.0239107,
0.272177,0.0507868,0.295106,-2.04004,0.135258,0.417746,0.0149466,0.0588447,0.0297378,0.0571639,-0.106345,-0.365122,0.478807,0.000621496,-0.408083,5.24387,-0.683277,5.98534,33.469,-34.223,-0.633734,-0.0429223,29.5533,-0.553169,-22.1961,-1.3396,-1.63193,-0.00212794,0.271728,0.0502805,0.294684,-2.03949,0.136466,0.415668,0.0149741,0.0215658,-0.0124687,0.128318,-0.0488084,-0.240845,0.35358,0.00213244,0,0,0,0,0,0,0,1.88404,-30.5788,1.91316,23.5669,0.484005,2.63482,0.0239107,
0.272678,0.0509554,0.295602,-2.04117,0.132043,0.422183,0.0149797,0.0595846,0.0280034,0.0581275,-0.11345,-0.372482,0.493965,0.00132455,0.462473,-1.08402,0.602248,-4.44031,-4.60012,9.47412,0.439409,3.37429,-4.06646,3.12675,-10.4358,-8.07297,10.3681,-0.00146944,0.271728,0.0502805,0.294684,-2.03949,0.136466,0.415668,0.0149741,0.0215658,-0.0124687,0.128318,-0.0488084,-0.240845,0.35358,0.00213244,0,0,0,0,0,0,0,1.88404,-30.5788,1.91316,23.5669,0.484005,2.63482,0.0239107,
0.273189,0.05103,0.296107,-2.04233,0.127747,0.427517,0.0150014,0.0604498,0.0242675,0.0591078,-0.11985,-0.40538,0.528545,0.00160305,0.540733,-2.33492,0.612693,-4.00017,-20.5612,21.6124,0.174063,3.76931,-3.44592,3.65184,-10.2613,-7.40595,9.39996,0.000831619,0.271728,0.0502805,0.294684,-2.03949,0.136466,0.415668,0.0149741,0.0215658,-0.0124687,0.128318,-0.0488084,-0.240845,0.35358,0.00213244,0,0,0,0,0,0,0,1.88404,-30.5788,1.91316,23.5669,0.484005,2.63482,0.0239107,
0.273684,0.0510625,0.296594,-2.04341,0.122967,0.43314,0.0150181,0.0607222,0.0202269,0.0594688,-0.122782,-0.443806,0.563405,0.00169972,0.170218,-2.52539,0.225643,-1.83251,-24.0163,21.7873,0.0604144,4.18538,-2.89468,4.13697,-10.0939,-6.88131,8.4819,0.00928192,0.271728,0.0502805,0.294684,-2.03949,0.136466,0.415668,0.0149741,0.0215658,-0.0124687,0.128318,-0.0488084,-0.240845,0.35358,0.00213244,0,0,0,0,0,0,0,1.88404,-30.5788,1.91316,23.5669,0.484005,2.63482,0.0239107,
0.272177,0.0507868,0.295106,-2.04004,0.135258,0.417746,0.0149466,0.0598243,0.0288412,0.0581332,-0.111833,-0.385229,0.50268,0.000672893,-0.561151,5.38396,-0.834738,6.84287,36.6108,-37.9532,-0.641764,-0.0429223,29.5533,-0.553169,-22.1961,-1.3396,-1.63193,-0.00212794,0.271728,0.0502805,0.294684,-2.03949,0.136466,0.415668,0.0149741,0.0215658,-0.0124687,0.128318,-0.0488084,-0.240845,0.35358,0.00213244,0,0,0,0,0,0,0,1.88404,-30.5788,1.91316,23.5669,0.484005,2.63482,0.0239107,
0.272678,0.0509554,0.295602,-2.04117,0.132043,0.422183,0.0149797,0.0603684,0.0272861,0.0589029,-0.11784,-0.388568,0.513064,0.00136567,0.340018,-0.971951,0.481079,-3.75428,-2.08675,6.48999,0.432985,3.37429,-4.06646,3.12675,-10.4358,-8.07297,10.3681,-0.00146944,0.271728,0.0502805,0.294684,-2.03949,0.136466,0.415668,0.0149741,0.0215658,-0.0124687,0.128318,-0.0488084,-0.240845,0.35358,0.00213244,0,0,0,0,0,0,0,1.88404,-30.5788,1.91316,23.5669,0.484005,2.63482,0.0239107,
0.273189,0.05103,0.296107,-2.04233,0.127747,0.427517,0.0150014,0.0610768,0.0236937,0.0597282,-0.123362,-0.418248,0.543824,0.00163595,0.442769,-2.24526,0.515758,-3.45135,-18.5505,19.2251,0.168923,3.76931,-3.44592,3.65184,-10.2613,-7.40595,9.39996,0.000831619,0.271728,0.0502805,0.294684,-2.03949,0.136466,0.415668,0.0149741,0.0215658,-0.0124687,0.128318,-0.0488084,-0.240845,0.35358,0.00213244,0,0,0,0,0,0,0,1.88404,-30.5788,1.91316,23.5669,0.484005,2.63482,0.0239107,
0.273684,0.0510625,0.296594,-2.04341,0.122967,0.43314,0.0150181,0.0612237,0.0197678,0.0599651,-0.125592,-0.454101,0.575628,0.00172603,0.0918473,-2.45366,0.148094,-1.39345,-22.4078,19.8775,0.0563027,4.18538,-2.89468,4.13697,-10.0939,-6.88131,8.4819,0.00928192,0.271728,0.0502805,0.294684,-2.03949,0.136466,0.415668,0.0149741,0.0215658,-0.0124687,0.128318,-0.0488084,-0.240845,0.35358,0.00213244,0,0,0,0,0,0,0,1.88404,-30.5788,1.91316,23.5669,0.484005,2.63482,0.0239107,
0.272177,0.0507868,0.295106,-2.04004,0.135258,0.417746,0.0149466,0.0602256,0.028474,0.0585303,-0.114081,-0.393465,0.512458,0.000693945,-0.623848,5.44134,-0.896777,7.19412,37.8976,-39.4811,-0.645054,-0.0429223,29.5533,-0.553169,-22.1961,-1.3396,-1.63193,-0.00212794,0.271728,0.0502805,0.294684,-2.03949,0.136466,0.415668,0.0149741,0.0215658,-0.0124687,0.128318,-0.0488084,-0.240845,0.35358,0.00213244,0,0,0,0,0,0,0,1.88404,-30.5788,1.91316,23.5669,0.484005,2.63482,0.0239107,
0.272678,0.0509554,0.295602,-2.04117,0.132043,0.422183,0.0149797,0.0606894,0.0269923,0.0592206,-0.119639,-0.395156,0.520887,0.00138251,0.289861,-0.926045,0.431448,-3.47329,-1.05727,5.26769,0.430353,3.37429,-4.06646,3.12675,-10.4358,-8.07297,10.3681,-0.00146944,0.271728,0.0502805,0.294684,-2.03949,0.136466,0.415668,0.0149741,0.0215658,-0.0124687,0.128318,-0.0488084,-0.240845,0.35358,0.00213244,0,0,0,0,0,0,0,1.88404,-30.5788,1.91316,23.5669,0.484005,2.63482,0.0239107,
